7 0.5890625 0.38515625 0.228125 0.15703125
7 0.40390625 0.73515625 0.33984375 0.3046875
7 0.6 0.56328125 0.27421875 0.15234375
7 0.88359375 0.53359375 0.2328125 0.25078125
7 0.875 0.32109375 0.25 0.19609375
7 0.2140625 0.3625 0.2125 0.13515625
7 0.1421875 0.525 0.2078125 0.1640625
7 0.27109375 0.88046875 0.2703125 0.23828125
7 0.49140625 0.265625 0.1546875 0.1171875
7 0.2828125 0.190625 0.1828125 0.14453125
7 0.43984375 0.11171875 0.11171875 0.09765625
7 0.66953125 0.146875 0.1453125 0.11875
7 0.79921875 0.90390625 0.3078125 0.1921875