7 0.62421875 0.38359375 0.240625 0.17421875
7 0.6546875 0.58046875 0.27890625 0.1671875
7 0.91953125 0.53125 0.1609375 0.25859375
7 0.896875 0.7703125 0.20625 0.21640625
7 0.46953125 0.73984375 0.35078125 0.28203125
7 0.1796875 0.5171875 0.2203125 0.12109375
7 0.13125 0.3484375 0.1609375 0.12734375
7 0.2453125 0.3484375 0.13203125 0.115625
7 0.203125 0.2359375 0.125 0.11796875
7 0.315625 0.1765625 0.159375 0.12109375
7 0.4984375 0.2078125 0.12421875 0.12265625
7 0.1078125 0.8453125 0.1859375 0.309375
7 0.31484375 0.87421875 0.30390625 0.24921875
7 0.72890625 0.13203125 0.1375 0.09296875