7 0.34453125 0.16640625 0.2140625 0.17734375
7 0.15 0.27578125 0.259375 0.32421875
7 0.09609375 0.48203125 0.1921875 0.1515625
7 0.121875 0.65234375 0.24375 0.1890625
7 0.403125 0.6890625 0.19765625 0.17734375
7 0.6921875 0.66328125 0.15 0.1640625
7 0.8203125 0.85703125 0.178125 0.2109375
7 0.61328125 0.9171875 0.21953125 0.165625
7 0.921875 0.3984375 0.15625 0.18125
7 0.71640625 0.246875 0.1171875 0.13984375
7 0.50390625 0.39375 0.19140625 0.14140625
7 0.3859375 0.45703125 0.1671875 0.1578125
7 0.52109375 0.5453125 0.14453125 0.17265625
7 0.81328125 0.684375 0.14765625 0.17421875
7 0.87265625 0.59453125 0.1546875 0.2296875
7 0.6234375 0.47734375 0.1546875 0.16953125
7 0.5640625 0.2609375 0.1453125 0.1359375
7 0.5390625 0.1515625 0.17265625 0.196875
7 0.7828125 0.15546875 0.1765625 0.1796875