7 0.58671875 0.203125 0.1859375 0.1453125
7 0.21171875 0.25859375 0.3828125 0.13125
7 0.17890625 0.51015625 0.25546875 0.19296875
7 0.3640625 0.62109375 0.275 0.41796875
7 0.66328125 0.7109375 0.20078125 0.2328125
7 0.7390625 0.4609375 0.16640625 0.15859375
7 0.8828125 0.6546875 0.15078125 0.19296875
7 0.90625 0.1734375 0.11953125 0.1140625
7 0.82109375 0.36796875 0.1640625 0.134375
7 0.86796875 0.48203125 0.1203125 0.18125
7 0.58359375 0.33203125 0.159375 0.2
7 0.0953125 0.715625 0.190625 0.409375
7 0.23046875 0.11328125 0.2609375 0.2265625