7 0.209375 0.42421875 0.1703125 0.16640625
7 0.37421875 0.559375 0.1890625 0.15234375
7 0.37421875 0.71875 0.14921875 0.21484375
7 0.2515625 0.7890625 0.1609375 0.21328125
7 0.64453125 0.87265625 0.35859375 0.2546875
7 0.57421875 0.6046875 0.25859375 0.18203125
7 0.5578125 0.4234375 0.18515625 0.11953125
7 0.70625 0.38359375 0.15703125 0.11640625
7 0.3296875 0.29453125 0.15078125 0.14140625
7 0.23359375 0.14296875 0.19921875 0.175
7 0.140625 0.278125 0.20625 0.10546875
7 0.071875 0.478125 0.14375 0.134375
7 0.10234375 0.7859375 0.2046875 0.284375
7 0.19296875 0.6453125 0.22265625 0.16640625
7 0.6578125 0.25390625 0.1625 0.125
7 0.8875 0.73203125 0.1875 0.171875
7 0.7859375 0.5390625 0.1703125 0.1484375
7 0.48359375 0.29375 0.121875 0.13984375
7 0.38203125 0.17734375 0.10625 0.09921875
7 0.48203125 0.0515625 0.13125 0.090625
7 0.55546875 0.12109375 0.13203125 0.09609375
7 0.83828125 0.32421875 0.14609375 0.11640625
7 0.8375 0.1875 0.15703125 0.13125