7 0.475 0.51171875 0.27890625 0.28046875
7 0.26640625 0.25078125 0.18671875 0.14765625
7 0.2515625 0.35546875 0.1875 0.16953125
7 0.14453125 0.421875 0.1578125 0.165625
7 0.22734375 0.525 0.29375 0.2578125
7 0.4421875 0.7046875 0.24375 0.1953125
7 0.64296875 0.671875 0.23671875 0.22421875
7 0.61328125 0.30703125 0.215625 0.1515625
7 0.45546875 0.28203125 0.20390625 0.1890625
7 0.46484375 0.13203125 0.1984375 0.1375
7 0.11875 0.11640625 0.19921875 0.17890625
7 0.6453125 0.23359375 0.1328125 0.1421875
7 0.6953125 0.8828125 0.48046875 0.23125
7 0.2375 0.8296875 0.22734375 0.21328125
7 0.10078125 0.7 0.140625 0.12890625
7 0.775 0.51875 0.15234375 0.16015625
7 0.73046875 0.38046875 0.18203125 0.18359375
7 0.82890625 0.2390625 0.25234375 0.16484375
7 0.79765625 0.15 0.22734375 0.19375