7 0.26015625 0.2171875 0.1375 0.140625
7 0.2140625 0.46640625 0.18046875 0.17265625
7 0.37578125 0.48515625 0.23125 0.2234375
7 0.5359375 0.56953125 0.259375 0.25
7 0.4984375 0.80078125 0.2328125 0.22890625
7 0.35859375 0.7484375 0.22578125 0.20078125
7 0.17734375 0.771875 0.171875 0.23203125
7 0.75546875 0.59765625 0.17890625 0.2890625
7 0.7859375 0.37421875 0.23125 0.22890625
7 0.63359375 0.29296875 0.1984375 0.1546875
7 0.48828125 0.24375 0.115625 0.11328125
7 0.48046875 0.35390625 0.19296875 0.1140625
7 0.28125 0.3390625 0.15234375 0.12109375
7 0.1015625 0.4890625 0.11640625 0.2421875
7 0.88046875 0.75859375 0.16171875 0.21875
7 0.63046875 0.86015625 0.22109375 0.24453125
7 0.33125 0.10703125 0.17421875 0.1203125