7 0.40078125 0.30078125 0.159375 0.23203125
7 0.4421875 0.14921875 0.1453125 0.184375
7 0.50859375 0.54921875 0.16015625 0.2140625
7 0.68125 0.47109375 0.16015625 0.22890625
7 0.61015625 0.3671875 0.15 0.21875
7 0.63203125 0.68515625 0.1828125 0.24921875
7 0.4265625 0.678125 0.19296875 0.20546875
7 0.28828125 0.6328125 0.17109375 0.2203125
7 0.23828125 0.49375 0.16640625 0.19765625
7 0.2859375 0.346875 0.15859375 0.2484375
7 0.16875 0.2140625 0.20859375 0.18828125
7 0.74765625 0.28984375 0.15390625 0.190625
7 0.5046875 0.29453125 0.1203125 0.26015625