2 0.11953125 0.175 0.2109375 0.35
2 0.66484375 0.27734375 0.246875 0.2609375
2 0.33984375 0.11640625 0.2421875 0.2328125
2 0.09765625 0.88359375 0.19296875 0.23203125
2 0.1125 0.57109375 0.19375 0.39921875
2 0.8421875 0.23359375 0.23828125 0.39296875
2 0.6171875 0.82109375 0.23359375 0.3578125
2 0.77265625 0.63515625 0.2296875 0.3640625
2 0.9 0.93515625 0.19921875 0.12890625
2 0.9421875 0.8109375 0.11484375 0.353125
2 0.95546875 0.5046875 0.08828125 0.26015625
2 0.3375 0.76640625 0.221875 0.46640625
2 0.365625 0.39609375 0.21796875 0.440625
2 0.55390625 0.48359375 0.22109375 0.4125