4 0.446875 0.41640625 0.2078125 0.14140625
4 0.73671875 0.55078125 0.17421875 0.1609375
4 0.84453125 0.68515625 0.14609375 0.1203125
4 0.59296875 0.7796875 0.11015625 0.1703125
4 0.36015625 0.68359375 0.15703125 0.1921875
4 0.23359375 0.68515625 0.1375 0.2328125
4 0.12578125 0.4265625 0.084375 0.12109375
4 0.21015625 0.3703125 0.15546875 0.184375
4 0.340625 0.25078125 0.125 0.16015625
4 0.5671875 0.1671875 0.2046875 0.1140625
4 0.7625 0.2171875 0.140625 0.12265625
4 0.69765625 0.41171875 0.14765625 0.1640625
4 0.49140625 0.57890625 0.10859375 0.178125