3 0.23671875 0.75859375 0.28125 0.38984375
3 0.64765625 0.73359375 0.2234375 0.5328125
3 0.14140625 0.09140625 0.15078125 0.12734375
3 0.30859375 0.08359375 0.13828125 0.11796875
3 0.42578125 0.09921875 0.11640625 0.121875
3 0.55859375 0.14609375 0.10234375 0.12890625
3 0.67890625 0.19765625 0.0828125 0.1015625
3 0.71171875 0.31875 0.1734375 0.1296875
3 0.7890625 0.4265625 0.1375 0.13125
3 0.83828125 0.55078125 0.159375 0.14140625
3 0.86953125 0.6796875 0.14375 0.1140625
3 0.6921875 0.53359375 0.16796875 0.29140625
3 0.34609375 0.2296875 0.49921875 0.171875
3 0.465625 0.93515625 0.18515625 0.1296875
3 0.69296875 0.753125 0.22265625 0.49296875
3 0.475 0.646875 0.13828125 0.44140625
3 0.19453125 0.4328125 0.19609375 0.3578125
3 0.08046875 0.58671875 0.1609375 0.3265625
3 0.43203125 0.25 0.33203125 0.09921875