2 0.3578125 0.5046875 0.17421875 0.24921875
2 0.6015625 0.76796875 0.2515625 0.328125
2 0.875 0.4171875 0.24921875 0.3421875
2 0.1703125 0.91796875 0.203125 0.15546875
2 0.121875 0.7171875 0.17734375 0.19609375
2 0.115625 0.3484375 0.153125 0.22265625
2 0.2875 0.275 0.140625 0.15390625
2 0.7484375 0.08359375 0.19921875 0.1671875
2 0.45859375 0.1953125 0.1390625 0.175
2 0.06171875 0.06171875 0.1234375 0.1234375
2 0.553125 0.3875 0.11171875 0.20546875
2 0.67109375 0.49765625 0.215625 0.38515625
2 0.9015625 0.71015625 0.19609375 0.36015625
2 0.80546875 0.74296875 0.1890625 0.3265625
2 0.5109375 0.93359375 0.30390625 0.13203125
2 0.61875 0.08515625 0.15390625 0.13984375