2 0.4359375 0.13203125 0.1484375 0.22578125
2 0.58359375 0.1515625 0.11796875 0.16875
2 0.2921875 0.08046875 0.14296875 0.1609375
2 0.9296875 0.1328125 0.140625 0.17578125
2 0.77734375 0.190625 0.1734375 0.23984375
2 0.74140625 0.04296875 0.1875 0.0859375
2 0.5109375 0.36015625 0.18359375 0.228125
2 0.89453125 0.34453125 0.184375 0.27890625
2 0.67109375 0.56328125 0.171875 0.203125
2 0.6453125 0.340625 0.17734375 0.22265625
2 0.4359375 0.5359375 0.17578125 0.2140625
2 0.2921875 0.675 0.1890625 0.3859375
2 0.32890625 0.3640625 0.18203125 0.21484375
2 0.303125 0.2328125 0.165625 0.25859375
2 0.128125 0.7703125 0.153125 0.190625
2 0.85703125 0.74921875 0.19375 0.271875
2 0.8734375 0.54140625 0.18359375 0.22890625
2 0.5484375 0.7078125 0.18203125 0.2796875
2 0.36953125 0.87109375 0.19375 0.25078125
2 0.6859375 0.81875 0.16015625 0.26015625
2 0.0578125 0.70703125 0.115625 0.2671875
2 0.109375 0.0734375 0.20859375 0.14609375
2 0.11328125 0.3859375 0.16015625 0.1828125
2 0.2015625 0.1984375 0.12578125 0.2625
2 0.078125 0.2015625 0.15625 0.26484375
2 0.05546875 0.73203125 0.11015625 0.303125
2 0.18671875 0.62421875 0.1828125 0.25703125
2 0.859375 0.9234375 0.178125 0.153125
2 0.55234375 0.8890625 0.15859375 0.221875