2 0.4265625 0.65390625 0.33046875 0.61328125
2 0.265625 0.24609375 0.18046875 0.25625
2 0.6140625 0.26875 0.20390625 0.284375
2 0.9046875 0.2453125 0.18984375 0.4296875
2 0.81640625 0.8765625 0.334375 0.246875
2 0.23984375 0.8046875 0.33984375 0.38984375
2 0.11015625 0.559375 0.2203125 0.42578125
2 0.15078125 0.10234375 0.2203125 0.2046875
2 0.06328125 0.340625 0.11875 0.20390625
2 0.384375 0.09453125 0.22109375 0.1890625
2 0.60859375 0.08671875 0.20078125 0.1734375
2 0.7578125 0.15625 0.1578125 0.24296875
2 0.67734375 0.61875 0.1578125 0.5359375
2 0.8828125 0.5171875 0.23046875 0.47421875