2 0.315625 0.309375 0.23671875 0.31171875
2 0.80625 0.675 0.278125 0.35859375
2 0.30859375 0.70703125 0.3203125 0.39375
2 0.74921875 0.3078125 0.21796875 0.3421875
2 0.59609375 0.22109375 0.25 0.33828125
2 0.90234375 0.13359375 0.18515625 0.26640625
2 0.42578125 0.12265625 0.19296875 0.1953125
2 0.825 0.91171875 0.35 0.1765625
2 0.9078125 0.42421875 0.184375 0.4203125
2 0.909375 0.13359375 0.18046875 0.26640625
2 0.16953125 0.55234375 0.246875 0.40859375
2 0.2046875 0.2109375 0.21171875 0.2875
2 0.05859375 0.3265625 0.109375 0.28046875
2 0.125 0.9171875 0.25 0.165625