7 0.35078125 0.30234375 0.128125 0.15390625
7 0.48984375 0.3640625 0.18203125 0.140625
7 0.52421875 0.4890625 0.215625 0.1703125
7 0.3546875 0.54609375 0.23359375 0.15
7 0.40390625 0.78515625 0.21953125 0.1875
7 0.2515625 0.68359375 0.21484375 0.21015625
7 0.20625 0.54375 0.1640625 0.1421875
7 0.6359375 0.56328125 0.1671875 0.20078125
7 0.59140625 0.78125 0.190625 0.2359375
7 0.18203125 0.38046875 0.16015625 0.1546875
7 0.253125 0.25234375 0.16015625 0.109375
7 0.7296875 0.32109375 0.1265625 0.15390625
7 0.51328125 0.11015625 0.1046875 0.11796875
7 0.70234375 0.7109375 0.17578125 0.234375