7 0.23359375 0.18984375 0.19375 0.15234375
7 0.31796875 0.30703125 0.1640625 0.13359375
7 0.403125 0.21328125 0.159375 0.15078125
7 0.31953125 0.603125 0.28359375 0.16171875
7 0.1453125 0.4984375 0.290625 0.265625
7 0.4828125 0.49296875 0.246875 0.15703125
7 0.74296875 0.65078125 0.3453125 0.25703125
7 0.70625 0.490625 0.20625 0.16484375
7 0.3578125 0.846875 0.27265625 0.21171875
7 0.1046875 0.73515625 0.209375 0.3015625
7 0.51640625 0.93203125 0.18359375 0.13515625
7 0.6875 0.853125 0.2046875 0.15078125
7 0.53359375 0.790625 0.17734375 0.1390625
7 0.41484375 0.7203125 0.23984375 0.15703125
7 0.68671875 0.2828125 0.1796875 0.1671875
7 0.70078125 0.12109375 0.11484375 0.1890625
7 0.51484375 0.2328125 0.12734375 0.14453125
7 0.8421875 0.2328125 0.1703125 0.115625
7 0.85078125 0.35859375 0.10546875 0.1