7 0.246875 0.52578125 0.22109375 0.178125
7 0.1140625 0.25703125 0.228125 0.1734375
7 0.665625 0.3984375 0.1984375 0.18359375
7 0.359375 0.8859375 0.2546875 0.22734375
7 0.5078125 0.7546875 0.3453125 0.3015625
7 0.72421875 0.58125 0.30625 0.175
7 0.38671875 0.19453125 0.16328125 0.15625
7 0.6796875 0.09921875 0.1484375 0.1125
7 0.81484375 0.2578125 0.1359375 0.09765625
7 0.5859375 0.28515625 0.16015625 0.13125
7 0.5 0.51953125 0.1484375 0.1109375
7 0.16953125 0.853125 0.2265625 0.29140625
7 0.1171875 0.69765625 0.12734375 0.12734375
7 0.05078125 0.51484375 0.1015625 0.20078125
7 0.38046875 0.07109375 0.1390625 0.12421875
7 0.2875 0.3421875 0.153125 0.1359375
7 0.44453125 0.30546875 0.1546875 0.16953125