4 0.7361605124999999 0.309853840625 0.5345940046875 0.386631984375 0.5361937140624999 0.447414678125 0.5553906 0.48260467812499996 0.5943999640625 0.4604000015625 0.7057656578125 0.413824259375 0.776153871875 0.36263880937500004 0.776153871875 0.3242497078125 0.7361605124999999 0.309853840625
4 0.5041990265625 0.57377875 0.47860330156249997 0.6265637203125001 0.515397240625 0.6649527625 0.641776159375 0.6073692921875 0.6683999640625 0.5024000015625 0.6449757015625 0.48260467812499996 0.6145807234375 0.4938015046875 0.5041990265625 0.57377875
4 0.23384389218749999 0.40582653437499994 0.2610394484375 0.44421557656250005 0.3090314796875 0.4858037796875 0.3682216046875 0.5065978515625 0.4002162921875 0.4842041984375 0.39861658125 0.4394169546875 0.352224259375 0.37223605625 0.25144106875 0.3338470140625 0.1983999640625 0.31640000156250003 0.1778531875 0.36583791250000003 0.2034490359375 0.37703467812499997 0.23384389218749999 0.40582653437499994
4 0.0642720703125 0.37223605625 0.0994663 0.40262743125 0.139459659375 0.44901419843749996 0.1810527296875 0.4794055765625 0.2162468375 0.47300737187499997 0.237043434375 0.4314192296875 0.1906511125 0.36263880937500004 0.0903999640625 0.2764000015625 0.06107264999999999 0.2954579125 0.0434755953125 0.32265018749999996 0.0642720703125 0.37223605625
4 0.37941981875 0.41862288124999997 0.4706046296875 0.5001996484375 0.5105979875 0.498600128125 0.515397240625 0.4586115046875 0.47380405000000003 0.3818333625 0.36022293125 0.285860665625 0.31639996406250004 0.2924000015625 0.2802362125 0.32904832968750003 0.326628534375 0.361039228125 0.37941981875 0.41862288124999997
4 0.35062455 0.15949659375 0.4706046296875 0.290659290625 0.5489916375 0.2890597078125 0.5921844187499999 0.2522701875 0.3983999640625 0.0864000015625 0.41141450625 0.0779198578125 0.3394264578125 0.11630887031249999 0.35062455 0.15949659375
4 0.36662189375 0.8137104265625 0.36022293125 0.7785204859375 0.3074317703125 0.70174234375 0.18585185937499998 0.6249641375 0.1423999640625 0.6184000015625 0.10266572031250001 0.6617537203125 0.1426590796875 0.71773773125 0.320229571875 0.826506834375 0.36662189375 0.8137104265625
4 0.41141450625 0.6601541375 0.45780670625 0.6425591703125 0.46580537812499995 0.608968690625 0.4546072859375 0.5865750984375 0.40341583437499995 0.5705796484375 0.2083999640625 0.5464000015625 0.1906511125 0.58017689375 0.1890514015625 0.6057696484374999 0.272237540625 0.645758271875 0.41141450625 0.6601541375
4 0.40661525468750004 0.5257924046875 0.38261923750000004 0.5049982703125 0.25624019531250003 0.4666092296875 0.1683999640625 0.47440000156249995 0.1506577515625 0.5129959953125 0.1810527296875 0.5497855765625 0.390617909375 0.5609823421875 0.40661525468750004 0.5257924046875
4 0.7233625906250001 0.8249073140625001 0.6961671546875 0.7465295875 0.56498898125 0.66655234375 0.5183999640625 0.6564000015625 0.48980139375 0.6953442625 0.508998278125 0.7337331796875 0.6833692296875 0.863296415625 0.7233625906250001 0.8249073140625001
4 0.71856358125 0.6921450375 0.7537576875 0.5417878515625 0.7441591843750001 0.5065978515625 0.6723999640625 0.5144000015625 0.61778014375 0.628163240625 0.6353773203124999 0.72093689375 0.68656889375 0.73693234375 0.71856358125 0.6921450375
4 0.79695046875 0.309853840625 0.7025662374999999 0.4586115046875 0.7361605124999999 0.5065978515625 0.7873519640625 0.5001996484375 0.84654233125 0.4106251578125 0.8803999640625 0.2844000015625 0.8641392640625 0.257068809375 0.8305449875 0.26186749374999996 0.79695046875 0.309853840625
4 0.1421875 0.86640625 0.26015625 0.15625
4 0.1390625 0.7671875 0.278125 0.20625
4 0.5171875 0.78359375 0.246875 0.15390625
4 0.90078125 0.75859375 0.1984375 0.1203125
4 0.92421875 0.38515625 0.09140625 0.2421875
4 0.0921875 0.54375 0.16796875 0.1984375
4 0.77265625 0.86328125 0.22734375 0.146875
4 0.328125 0.2390625 0.12421875 0.2125
4 0.56953125 0.32890625 0.26953125 0.12890625
4 0.78046875 0.21484375 0.10390625 0.22109375
4 0.9078125 0.11484375 0.18359375 0.08515625
4 0.41015625 0.82421875 0.12890625 0.16796875
4 0.30703125 0.8609375 0.10703125 0.15859375
4 0.53828125 0.1421875 0.19609375 0.17265625