4 0.4640625 0.321875 0.32265625 0.1765625
4 0.29609375 0.45078125 0.3078125 0.1171875
4 0.11328125 0.75859375 0.1484375 0.3265625
4 0.42109375 0.5671875 0.165625 0.19375
4 0.66640625 0.67265625 0.25390625 0.21875
4 0.70859375 0.8671875 0.17890625 0.24765625
4 0.57578125 0.84921875 0.25859375 0.24296875
4 0.4796875 0.75078125 0.1296875 0.2546875
4 0.37265625 0.740625 0.15546875 0.3
4 0.81953125 0.78828125 0.19296875 0.27109375
4 0.88046875 0.61796875 0.23828125 0.18828125
4 0.75 0.428125 0.2484375 0.140625
4 0.8984375 0.19296875 0.203125 0.1609375
4 0.64921875 0.1578125 0.115625 0.196875
4 0.60078125 0.06328125 0.25078125 0.1265625