3 0.165295625 0.2146081421875 0.2763676609375 0.2146081421875 0.4608266703125 0.18085731249999998 0.5401639375 0.1173263609375 0.3795060890625 0.08953164687500001 0.194444384375 0.105158728125 0.17124592031250002 0.10739971875000001 0.14546126406249998 0.1530625046875 0.165295625 0.2146081421875
3 0.603633646875 0.2860804234375 0.6571862640624999 0.2424028578125 0.6393353890625 0.1749012859375 0.505571321875 0.16318567343749998 0.40925754531249997 0.184828021875 0.2823179515625 0.2165934515625 0.3239699859375 0.27019766562499997 0.40132376406250003 0.2622563296875 0.5381804515625 0.29402175937499997 0.603633646875 0.2860804234375
3 0.0740577765625 0.8519026609375 0.1672789375 0.9313163703124999 0.2843014421875 1 0.3319037671875 0.9968326296875001 0.3140528921875 0.9372723921875 0.20496417031249997 0.7883717140625001 0.143477771875 0.718884740625 0.0783729546875 0.7063492015625 0.06612399531249999 0.728811478125 0.0205051609375 0.7625623078125 0.0740577765625 0.8519026609375
3 0.3219864953125 0.8578586874999999 0.399340271875 0.9213895453125 0.41520783437500003 0.8856534015624999 0.3576882359375 0.766532928125 0.300168821875 0.6196177453125 0.2386824234375 0.5084386078125 0.1736110484375 0.5218253921875 0.1355441734375 0.585866915625 0.17124592031250002 0.6891046249999999 0.3219864953125 0.8578586874999999
3 0.0502566109375 0.7407235265625001 0.14546126406249998 0.718884740625 0.189096790625 0.5282919859375 0.218848240625 0.47270246406250005 0.1930635890625 0.40123018281249995 0.1672789375 0.3813767984375 0.143477771875 0.3932888484375 0.03075390625 0.5992063437499999 0.0205051609375 0.6275590765625 0.008604579687499999 0.6990313609375 0.0502566109375 0.7407235265625001
3 0.5996668484375001 0.9253603484375 0.577848990625 0.8638147093749999 0.5282633578125 0.8320491921875 0.437025509375 0.8578586874999999 0.3581348609375 0.9831349156250001 0.5540478296875 0.9968326296875001 0.5818159734374999 0.9730085359375 0.5996668484375001 0.9253603484375
3 0.7067720796875 0.462775728125 0.6294182984375001 0.5421894375 0.5738821921875 0.776459665625 0.6189031390624999 0.980949084375 0.6849542234375 0.9988178484375 0.7008217859375 0.9412430171875 0.7404903296875001 0.7486648609375 0.8178441109374999 0.609691009375 0.819827603125 0.5342480140625 0.7067720796875 0.462775728125
3 0.7166891703125 0.8459466390625 0.6909045140625001 0.9908766078125 0.774208584375 0.9968326296875001 0.8535458531250001 0.778444978125 0.85751265625 0.6851340046875001 0.803960040625 0.6414564375 0.7761920765625 0.6613099109375 0.7246229515625 0.742708834375 0.7166891703125 0.8459466390625
3 0.3894231828125 0.8102104953125 0.4330587046875 0.8062397859375 0.43107521875000004 0.7030020718750001 0.4509095796875 0.5580721078125 0.44892608906250003 0.42108356249999995 0.4231414328125 0.3694647546875 0.3140528921875 0.3813767984375 0.3180196921875 0.4905705359375 0.34027771875 0.649801584375 0.3438043484375 0.6752072671875 0.37752260312499997 0.7645476203125 0.3894231828125 0.8102104953125
3 0.5203295765625 0.83403459375 0.585782771875 0.8062397859375 0.585782771875 0.6613099109375 0.577848990625 0.5481454593749999 0.5837992812499999 0.4349810140625 0.556031321875 0.38931813437499996 0.5099205765625 0.3968253921875 0.45685987031249997 0.42108356249999995 0.458843178125 0.5282919859375 0.484627834375 0.671236553125 0.5203295765625 0.83403459375
3 0.7127223703125 0.260270928125 0.803960040625 0.18085731249999998 0.730573240625 0.1232823890625 0.6676586703125 0.170634915625 0.5659484109374999 0.30196309375 0.61751771875 0.3337286109375 0.7127223703125 0.260270928125