7 0.2203125 0.25546875 0.1875 0.18046875
7 0.2234375 0.39296875 0.1828125 0.16015625
7 0.4515625 0.52734375 0.29140625 0.2765625
7 0.62265625 0.6921875 0.22109375 0.28046875
7 0.678125 0.9171875 0.475 0.165625
7 0.18984375 0.86328125 0.2125 0.22421875
7 0.28203125 0.64140625 0.19765625 0.2515625
7 0.39921875 0.73359375 0.2328125 0.23046875
7 0.87421875 0.6359375 0.25078125 0.19140625
7 0.75078125 0.5421875 0.1453125 0.16171875
7 0.69609375 0.396875 0.18671875 0.14765625
7 0.59453125 0.34140625 0.2109375 0.1671875
7 0.41875 0.3015625 0.215625 0.16875
7 0.41171875 0.14765625 0.2296875 0.1359375
7 0.08828125 0.1453125 0.171875 0.20859375
7 0.04453125 0.73671875 0.0890625 0.14296875