3 0.8484375 0.92890625 0.30234375 0.1421875
3 0.55625 0.875 0.265625 0.25
3 0.2515625 0.884375 0.1921875 0.23125
3 0.3953125 0.77265625 0.175 0.221875
3 0.2421875 0.65 0.23203125 0.22578125
3 0.11484375 0.71484375 0.1203125 0.18984375
3 0.05546875 0.521875 0.08515625 0.2265625
3 0.22421875 0.48046875 0.23828125 0.2265625
3 0.68046875 0.67421875 0.596875 0.4234375
3 0.3109375 0.284375 0.32265625 0.32890625
3 0.540625 0.30078125 0.18828125 0.31953125
3 0.88984375 0.22890625 0.2203125 0.2609375
3 0.6578125 0.1953125 0.20546875 0.19296875
3 0.81015625 0.44609375 0.3796875 0.25234375
3 0.77421875 0.046875 0.30859375 0.0921875