1 0.3109375 0.125 0.190625 0.25
1 0.0578125 0.88984375 0.0640625 0.21015625
1 0.94765625 0.665625 0.1046875 0.265625
1 0.5390625 0.0890625 0.075 0.1734375
1 0.6046875 0.075 0.0609375 0.15
1 0.7390625 0.16796875 0.084375 0.3359375
1 0.9578125 0.815625 0.084375 0.24140625
1 0.04375 0.315625 0.0765625 0.45
1 0.31484375 0.8796875 0.16875 0.234375
1 0.57578125 0.27109375 0.08125 0.40390625
1 0.66328125 0.25390625 0.10859375 0.4953125
1 0.8796875 0.22265625 0.22890625 0.4046875
1 0.8453125 0.8171875 0.1421875 0.36484375
1 0.1546875 0.28359375 0.1671875 0.31875
1 0.08671875 0.63515625 0.08125 0.30625
1 0.2421875 0.809375 0.078125 0.2140625
1 0.2875 0.53828125 0.09140625 0.196875
1 0.5525658671875 0.9902300437499999 0.579291 0.8691953453125001 0.5871513296875001 0.78117009375 0.5745748140625 0.7245824468750001 0.5785049812499999 0.619266428125 0.558068071875 0.565822546875 0.5392033296875 0.697860421875 0.5281988546874999 0.814179546875 0.5250547109375 0.9100641953125 0.53055691875 0.9745112453125 0.5525658671875 0.9902300437499999
1 0.6673266765625 0.7450168109375 0.6861915375 0.6224103203125 0.66182446875 0.6271258234375 0.637457396875 0.6915729374999999 0.6107323203125 0.697860421875 0.6146624875 0.842473434375 0.6272390624999999 0.97922693125 0.651729540625 0.9889937109375 0.6563222609375 0.9697956734375 0.670470878125 0.86133594375 0.6673266765625 0.7450168109375
1 0.718553440625 1 0.723135065625 0.919495446875 0.723135065625 0.8723390562500001 0.6940518671875 0.8267546359375 0.6869775 0.7465886671875 0.6861915375 0.6789978484375 0.6712568390625 0.737157415625 0.6688987171874999 0.8298983453125001 0.6673266765625 0.9399299375 0.6539641390625001 0.9886581890624999 0.68776358125 1 0.718553440625 1
1 0.852044434375 0.592544459375 0.829249521875 0.5956882328125 0.7852316265625 0.6019757734375 0.7498601421875 0.7025760437499999 0.723921028125 0.7528762140625 0.7396416890624999 0.80789200625 0.74999998125 0.8081761000000001 0.7813014625 0.776454409375 0.8245332765625 0.7324418484375 0.8433981421875 0.685285509375 0.852044434375 0.592544459375
1 0.8404087859375 1 0.8551886359375 0.9556487359375 0.8756254218749999 0.913208025 0.8693371359375 0.8487608546875001 0.8826997921874999 0.737157415625 0.8889879593750001 0.683713534375 0.8756254218749999 0.671138446875 0.7742272109375 0.9525050187499999 0.7757992546875 1 0.8404087859375 1
1 0.45859375 0.29375 0.15625 0.2296875
1 0.4703125 0.41484375 0.09375 0.1921875
1 0.4609375 0.74140625 0.09453125 0.3609375
1 0.48359375 0.846875 0.1046875 0.30390625
1 0.19375 0.7453125 0.13515625 0.30234375
1 0.340625 0.6015625 0.13828125 0.26015625
1 0.04921875 0.2703125 0.075 0.540625
1 0.31875 0.89375 0.1578125 0.2125
1 0.321875 0.24765625 0.159375 0.3734375
1 0.7484375 0.56171875 0.1234375 0.271875
1 0.45390625 0.07109375 0.0953125 0.1421875
1 0.66171875 0.53046875 0.11015625 0.32265625
1 0.584375 0.42578125 0.07734375 0.2765625