7 0.378125 0.43125 0.296875 0.296875
7 0.62265625 0.19765625 0.3203125 0.22421875
7 0.66484375 0.3953125 0.36015625 0.24921875
7 0.49375 0.67265625 0.26796875 0.2609375
7 0.5078125 0.86015625 0.29609375 0.24453125
7 0.20546875 0.81640625 0.30859375 0.26015625
7 0.175 0.61328125 0.31640625 0.23125
7 0.18828125 0.39140625 0.2578125 0.23359375
7 0.146875 0.2328125 0.2890625 0.21328125
7 0.3578125 0.0890625 0.2078125 0.17265625
7 0.8703125 0.50234375 0.25859375 0.3078125
7 0.78359375 0.63359375 0.32890625 0.3296875