4 0.54296875 0.23984375 0.184375 0.09375
4 0.7203125 0.31015625 0.146875 0.0875
4 0.82734375 0.5296875 0.14375 0.11796875
4 0.8015625 0.64765625 0.159375 0.13359375
4 0.75703125 0.7609375 0.14609375 0.13046875
4 0.5265625 0.81171875 0.096875 0.175
4 0.20625 0.72421875 0.09140625 0.16875
4 0.34921875 0.7328125 0.11875 0.18671875
4 0.42734375 0.48125 0.21171875 0.15390625
4 0.12421875 0.54609375 0.08125 0.14140625
4 0.2078125 0.41484375 0.11171875 0.15078125
4 0.315625 0.32890625 0.1390625 0.14609375
4 0.5390625 0.23984375 0.1609375 0.10078125
4 0.52578125 0.69609375 0.1671875 0.09765625