7 0.365625 0.29921875 0.13046875 0.13125
7 0.2671875 0.4 0.2203125 0.1703125
7 0.3375 0.5265625 0.19921875 0.17734375
7 0.32890625 0.70703125 0.19140625 0.20625
7 0.17734375 0.715625 0.159375 0.240625
7 0.24296875 0.9078125 0.23359375 0.1703125
7 0.128125 0.53984375 0.19921875 0.128125
7 0.09375 0.3859375 0.1875 0.1921875
7 0.64375 0.33671875 0.17109375 0.16953125
7 0.49296875 0.45 0.253125 0.14375
7 0.4859375 0.6390625 0.165625 0.14296875
7 0.5625 0.7515625 0.15 0.1734375
7 0.73046875 0.76015625 0.21640625 0.1890625
7 0.834375 0.92421875 0.1453125 0.14140625
7 0.76796875 0.54375 0.15625 0.11328125
7 0.76484375 0.44296875 0.19296875 0.1265625
7 0.6171875 0.08671875 0.1375 0.13203125
7 0.725 0.1015625 0.15703125 0.109375
7 0.31328125 0.1921875 0.121875 0.128125