7 0.2796875 0.36796875 0.246875 0.1703125
7 0.23984375 0.528125 0.23515625 0.16640625
7 0.18125 0.73515625 0.21875 0.25078125
7 0.1375 0.9078125 0.2734375 0.18359375
7 0.45078125 0.8875 0.321875 0.20703125
7 0.765625 0.653125 0.1875 0.1734375
7 0.7796875 0.86171875 0.19453125 0.240625
7 0.55625 0.49140625 0.21015625 0.22734375
7 0.46875 0.31328125 0.21015625 0.16796875
7 0.265625 0.071875 0.19375 0.13125
7 0.66328125 0.3375 0.18984375 0.13359375
7 0.93515625 0.39765625 0.1296875 0.14296875
7 0.8453125 0.30546875 0.14453125 0.11015625
7 0.60703125 0.23359375 0.11796875 0.12578125