3 0.61484375 0.5328125 0.41796875 0.23671875
3 0.1390625 0.73515625 0.25859375 0.17734375
3 0.39375 0.7125 0.178125 0.2984375
3 0.10390625 0.4703125 0.19375 0.17578125
3 0.240625 0.53828125 0.11953125 0.39765625
3 0.8734375 0.43515625 0.178125 0.17109375
3 0.74296875 0.215625 0.31875 0.11328125
3 0.6796875 0.08125 0.2921875 0.1546875
3 0.40625 0.15546875 0.39921875 0.18984375
3 0.146875 0.3125 0.2671875 0.2640625
3 0.39296875 0.240625 0.36171875 0.18671875
3 0.55 0.35234375 0.31328125 0.12578125