4 0.22578125 0.2890625 0.17890625 0.13515625
4 0.4109375 0.48828125 0.18515625 0.11953125
4 0.52421875 0.61484375 0.1125 0.12265625
4 0.490625 0.8234375 0.1390625 0.12421875
4 0.3140625 0.8515625 0.15234375 0.08359375
4 0.2671875 0.80234375 0.2046875 0.0828125
4 0.19140625 0.6328125 0.15078125 0.12421875
4 0.2 0.496875 0.159375 0.2171875
4 0.8328125 0.42890625 0.14140625 0.1125
4 0.76171875 0.6140625 0.1578125 0.13203125
4 0.7546875 0.53359375 0.196875 0.1078125
4 0.74140625 0.3640625 0.109375 0.1546875
4 0.6765625 0.2875 0.11875 0.15234375
4 0.5046875 0.2671875 0.128125 0.15625
4 0.55703125 0.36171875 0.1578125 0.084375
4 0.55390625 0.41328125 0.09765625 0.115625