7 0.79765625 0.11484375 0.3765625 0.2171875
7 0.8453125 0.31796875 0.309375 0.23359375
7 0.69453125 0.6328125 0.3203125 0.41875
7 0.421875 0.778125 0.27109375 0.28984375
7 0.29921875 0.61328125 0.2765625 0.25625
7 0.3125 0.37109375 0.23046875 0.19296875
7 0.1671875 0.28671875 0.26796875 0.18671875
7 0.4015625 0.103125 0.2703125 0.1765625
7 0.9 0.78828125 0.2 0.4234375
7 0.68203125 0.89453125 0.2671875 0.21015625
7 0.25390625 0.87421875 0.259375 0.25078125
7 0.12265625 0.721875 0.20390625 0.24609375
7 0.14609375 0.48515625 0.2671875 0.32421875