6 0.48150685 0.18181818125 0.46506849375000003 0.1674641140625 0.4226027390625 0.1746411484375 0.4054794515625 0.1973684203125 0.3958904109375 0.23564593281250001 0.39726027343750003 0.27153109999999997 0.41643835625000003 0.3265550234375 0.4280821921875 0.3373205734375 0.4452054796875 0.3361244015625 0.48561643906249996 0.3157894734375 0.5027397265625 0.27153109999999997 0.49452054843750004 0.2069377984375 0.48150685 0.18181818125
6 0.30616438281249997 0.21770335 0.2856164390625 0.21531100468750003 0.26643835625 0.22966507187500002 0.24383561718750002 0.2882775125 0.25205479375 0.3265550234375 0.2643835609375 0.3433014359375 0.2856164390625 0.3062200953125 0.3363013703125 0.2775119625 0.3369863015625 0.2571770328125 0.30616438281249997 0.21770335
6 0.2226027390625 0.33492822968749997 0.184246575 0.33492822968749997 0.1643835609375 0.360047846875 0.15205479375 0.3935406703125 0.158904109375 0.4629186609375 0.176027396875 0.488038278125 0.1890410953125 0.49162679374999996 0.20684931562500003 0.43181818125 0.23219178125 0.409090909375 0.24657534218750002 0.3767942578125 0.2226027390625 0.33492822968749997
6 0.341095890625 0.47009569375 0.341095890625 0.41507177031250003 0.3034246578125 0.35885167500000004 0.28150685000000003 0.3564593296875 0.256849315625 0.370813396875 0.2369863015625 0.40071770312500005 0.23013698593749998 0.43181818125 0.226027396875 0.4748803828125 0.23150685000000001 0.5059808609374999 0.2472602734375 0.5382775125 0.2726027390625 0.5538277515625001 0.3047945203125 0.5454545453125 0.3198630140625 0.531100478125 0.33013698593749996 0.5155502390625 0.341095890625 0.47009569375
6 0.490410959375 0.41507177031250003 0.4780821921875 0.37200956875 0.45547945156249997 0.3421052625 0.43356164374999995 0.33971291875 0.4130136984375 0.349282296875 0.38356164375 0.41985645937499994 0.3890410953125 0.501196171875 0.40479452031249996 0.5263157890625 0.424657534375 0.5275119625 0.44315068437500005 0.5167464109375 0.4691780828125 0.51913875625 0.4863013703125 0.48205741562500004 0.490410959375 0.41507177031250003
6 0.5212328765625001 0.11244019062499999 0.4958904109375 0.137559809375 0.48904109531250006 0.17105263125 0.50205479375 0.22488038281249997 0.543150684375 0.2129186609375 0.565753425 0.22607655468750001 0.5712328765625 0.19258373281250002 0.5698630140625001 0.1566985640625 0.5541095890625 0.11722487968749999 0.5212328765625001 0.11244019062499999
6 0.724657534375 0.27153109999999997 0.724657534375 0.2332535890625 0.7191780828125001 0.199760765625 0.707534246875 0.1770334921875 0.684246575 0.16028708125 0.6691780828125 0.16028708125 0.6356164390625 0.20215310937500003 0.6287671234375 0.23086124375 0.6328767125 0.2930622015625 0.642465753125 0.32177033437499997 0.6534246578125 0.32894736875 0.6691780828125 0.3133971296875 0.7116438359374999 0.30861244062500004 0.7164383562500001 0.300239234375 0.724657534375 0.27153109999999997
6 0.3986301375 0.1734449765625 0.392465753125 0.1650717703125 0.3623287671875 0.18181818125 0.3465753421875 0.21650717656250001 0.3438356171875 0.2667464109375 0.35 0.2775119625 0.3630136984375 0.278708134375 0.3773972609375 0.26076555 0.3945205484375 0.2571770328125 0.4 0.1949760765625 0.3986301375 0.1734449765625
6 0.5041095890625 0.5873205734375 0.49178082187500005 0.55143540625 0.473287671875 0.5263157890625 0.4472602734375 0.5167464109375 0.408904109375 0.5430622015625 0.3958904109375 0.5681818187500001 0.3876712328125 0.5968899515625 0.3863013703125 0.6423444968750001 0.39178082187499996 0.6734449765625 0.41712328750000005 0.7248803828125 0.43493150625 0.7368421046875 0.45342465781249996 0.7356459328125 0.490410959375 0.70933014375 0.5054794515625 0.6734449765625 0.509589040625 0.6327751203124999 0.5041095890625 0.5873205734375
6 0.3643835609375 0.6471291859375 0.358904109375 0.6040669859375 0.341780821875 0.571770334375 0.30616438281249997 0.547846890625 0.2869863015625 0.547846890625 0.27054794531250004 0.5598086125 0.25205479375 0.5921052625 0.239726028125 0.637559809375 0.2383561640625 0.6734449765625 0.2452054796875 0.7117224875 0.2636986296875 0.748803828125 0.28013698593749997 0.7631578953125 0.3 0.7643540671875 0.325342465625 0.7535885171875 0.3465753421875 0.7284689 0.3616438359375 0.6925837328125 0.3643835609375 0.6471291859375
6 0.24931506875 0.7284689 0.24041095937499998 0.7033492828125001 0.2143835609375 0.7033492828125001 0.1965753421875 0.7177033500000001 0.17671232812499998 0.7547846890625001 0.16986301406249998 0.7834928234375 0.1712328765625 0.8241626796875 0.18082191718750001 0.8552631578125001 0.19931506875 0.8851674640624999 0.21712328749999998 0.8995215312499999 0.24383561718750002 0.900717703125 0.273972603125 0.857655503125 0.28356164375000004 0.8169856453125 0.28356164375000004 0.781100478125 0.24931506875 0.7284689
6 0.18082191718750001 0.7452153109374999 0.18082191718750001 0.7260765546875 0.140410959375 0.672248803125 0.1212328765625 0.672248803125 0.10342465781250001 0.6842105265625 0.08082191718750001 0.7236842109375 0.07397260312500001 0.74760765625 0.07397260312500001 0.7858851671875 0.0794520546875 0.8122009562500001 0.09520547968750001 0.8421052625 0.1116438359375 0.858851675 0.13424657499999998 0.8600478468749999 0.15684931562499999 0.849282296875 0.1712328765625 0.8313397124999999 0.16986301406249998 0.778708134375 0.18082191718750001 0.7452153109374999
6 0.10890410937499999 0.612440190625 0.08150684999999999 0.588516746875 0.06643835625 0.5861244015625 0.05 0.5933014359375 0.036986301562500004 0.61124401875 0.024657534375 0.6471291859375 0.023287671875 0.68779904375 0.0445205484375 0.74162679375 0.0726027390625 0.7547846890625001 0.0876712328125 0.7069377984375 0.123287671875 0.6662679421875 0.123287671875 0.6447368421874999 0.10890410937499999 0.612440190625
6 0.16095890468750002 0.46889952187499995 0.1363013703125 0.45215310937500003 0.0965753421875 0.45454545468749996 0.07397260312500001 0.501196171875 0.0726027390625 0.55143540625 0.089726028125 0.5956937796874999 0.13424657499999998 0.61124401875 0.1452054796875 0.5729665078124999 0.17808219218750002 0.5346889953125 0.175342465625 0.4964114828125 0.16095890468750002 0.46889952187499995
6 0.1301369859375 0.41267942656249995 0.126027396875 0.4461722484375 0.157534246875 0.460526315625 0.15068493125 0.422248803125 0.157534246875 0.3767942578125 0.1513698625 0.3755980859375 0.1301369859375 0.41267942656249995
6 0.2869863015625 0.30861244062500004 0.2869863015625 0.3157894734375 0.29315068437499997 0.3145933015625 0.29109589062499996 0.3253588515625 0.2787671234375 0.3157894734375 0.2794520546875 0.3361244015625 0.26780821875 0.35406698593749997 0.24383561718750002 0.29545454531250004 0.2452054796875 0.2739234453125 0.2294520546875 0.28229665000000004 0.21643835625 0.3026315796875 0.2123287671875 0.32894736875 0.23356164375000002 0.3444976078125 0.2472602734375 0.3732057421875 0.2534246578125 0.37200956875 0.2636986296875 0.35885167500000004 0.292465753125 0.351674640625 0.30410958906249996 0.3074162671875 0.2869863015625 0.30861244062500004
6 0.226027396875 0.47727272656249997 0.23287671250000003 0.41267942656249995 0.21986301406250003 0.41626794218749996 0.20547945156249997 0.4366028703125 0.193150684375 0.47248803749999996 0.191780821875 0.5227272734375 0.19931506875 0.5358851671875 0.23219178125 0.547846890625 0.2561643828125 0.5801435406250001 0.2698630140625 0.5562200953125 0.24863013750000001 0.54066985625 0.23287671250000003 0.51076555 0.226027396875 0.47727272656249997
6 0.23356164375000002 0.550239234375 0.20753424687500002 0.5382775125 0.173287671875 0.54066985625 0.1541095890625 0.5598086125 0.13972602812499998 0.5921052625 0.1356164390625 0.639952153125 0.141095890625 0.6686602875000001 0.16506849375 0.7057416265625001 0.1863013703125 0.70933014375 0.2369863015625 0.6901913875 0.2383561640625 0.639952153125 0.25068493125 0.5849282296875 0.23356164375000002 0.550239234375
6 0.41780821875 0.82894736875 0.41232876718749994 0.7930622015625 0.3952054796875 0.75837320625 0.38150685 0.74162679375 0.3541095890625 0.7344497609375 0.3280821921875 0.7535885171875 0.30958904062500003 0.7834928234375 0.2986301375 0.8217703343749999 0.2986301375 0.857655503125 0.308219178125 0.8935406703125001 0.3280821921875 0.9258373203125 0.3513698625 0.9425837328125001 0.3643835609375 0.941387559375 0.39383561718750004 0.92105263125 0.406849315625 0.900717703125 0.41506849375000004 0.8744019140624999 0.41780821875 0.82894736875
6 0.5369863015624999 0.800239234375 0.5301369859375 0.7763157890625 0.50205479375 0.7368421046875 0.47191780781250003 0.729665071875 0.4513698625 0.73923445 0.43150685 0.7643540671875 0.4219178078125 0.7930622015625 0.4191780828125 0.8456937796874999 0.42739726093749997 0.8863636359375 0.4390410953125 0.9066985640624999 0.46369862968750003 0.9282296656250001 0.4863013703125 0.9294258375 0.5116438359375 0.9138755984375001 0.5287671234375 0.8887559812499999 0.5369863015624999 0.8504784687500001 0.5369863015624999 0.800239234375
6 0.64794520625 0.7882775125 0.6308219171875 0.7440191390625001 0.6171232875 0.732057415625 0.58150685 0.729665071875 0.558219178125 0.748803828125 0.542465753125 0.778708134375 0.5383561640625001 0.857655503125 0.54794520625 0.8863636359375 0.5691780828125 0.9162679421875 0.5958904109375001 0.9246411484375001 0.6349315062499999 0.8995215312499999 0.64794520625 0.8767942578125 0.6561643828125 0.8433014359375001 0.64794520625 0.7882775125
6 0.7643835609375 0.7882775125 0.75205479375 0.738038278125 0.73356164375 0.7081339718749999 0.715753425 0.6937799046875 0.6869863015625 0.6937799046875 0.6678082187500001 0.7129186609375 0.6547945203125 0.7404306218750001 0.65068493125 0.7954545453125 0.657534246875 0.8409090906250001 0.673287671875 0.8684210531250001 0.6897260281250001 0.8851674640624999 0.7136986296875001 0.8887559812499999 0.7363013703125 0.87799043125 0.7547945203124999 0.8504784687500001 0.7643835609375 0.8169856453125 0.7643835609375 0.7882775125
6 0.88356164375 0.761961721875 0.8787671234375001 0.7464114828125 0.8746575343749999 0.76076555 0.8712328765624999 0.7547846890625001 0.8753424656250001 0.7332535890625 0.85 0.69856459375 0.8171232875 0.6937799046875 0.79931506875 0.7009569375 0.7712328765625001 0.74760765625 0.7671232875 0.8265550234375001 0.80205479375 0.887559809375 0.8438356171875 0.8935406703125001 0.8636986296875 0.880382775 0.88356164375 0.8409090906250001 0.8876712328125 0.8026315796875 0.88356164375 0.761961721875
6 0.9438356171875 0.6662679421875 0.9253424656250001 0.62200956875 0.8965753421875 0.60047846875 0.8787671234375001 0.6028708140625 0.8698630140624999 0.6447368421874999 0.841095890625 0.6901913875 0.8780821921875 0.7284689 0.892465753125 0.7870813390625 0.9041095890624999 0.7858851671875 0.923972603125 0.770334928125 0.9397260281250001 0.7428229671875 0.9452054796875 0.7165071765625 0.9438356171875 0.6662679421875
6 0.8753424656250001 0.6040669859375 0.8739726031249999 0.5657894734375 0.8616438359374999 0.52990430625 0.8458904109375001 0.50239234375 0.8239726031249999 0.4856459328125 0.8047945203125 0.4856459328125 0.7787671234375 0.50239234375 0.7575342468749999 0.5370813390625 0.74931506875 0.5657894734375 0.74931506875 0.61124401875 0.7575342468749999 0.6423444968750001 0.7938356171875001 0.688995215625 0.808219178125 0.6925837328125 0.83219178125 0.6913875593750001 0.8486301375 0.6770334921875001 0.8671232874999999 0.6471291859375 0.8753424656250001 0.6040669859375
6 0.8356164390625 0.4437799046875 0.80068493125 0.3971291859375 0.7787671234375 0.392344496875 0.756849315625 0.4066985640625 0.7438356171875 0.4509569375 0.724657534375 0.48205741562500004 0.7273972609375 0.520334928125 0.75068493125 0.5538277515625001 0.7828767125 0.49760765625000003 0.8116438359375 0.48325358906250004 0.8363013703125001 0.488038278125 0.8356164390625 0.4437799046875
6 0.743150684375 0.3444976078125 0.7130136984375001 0.3133971296875 0.6719178078125 0.3133971296875 0.6554794515625 0.327751196875 0.642465753125 0.3528708140625 0.6383561640625001 0.41267942656249995 0.6452054796875 0.438995215625 0.6636986296875 0.47129186562500003 0.6869863015625 0.49043062187500003 0.7027397265625 0.49162679374999996 0.723972603125 0.47846890000000003 0.7424657531250001 0.4509569375 0.760273971875 0.38875598125 0.743150684375 0.3444976078125
6 0.606849315625 0.422248803125 0.6 0.3935406703125 0.5856164390624999 0.368421053125 0.5636986296875001 0.351674640625 0.541780821875 0.349282296875 0.5280821921875 0.3564593296875 0.509589040625 0.3839712921875 0.4972602734375 0.41507177031250003 0.49178082187500005 0.4557416265625 0.4972602734375 0.49401913906250006 0.515753425 0.5263157890625 0.53344179375 0.54048246875 0.5376712328125001 0.547846890625 0.54931506875 0.5490430625 0.5787671234375 0.5263157890625 0.6 0.48205741562500004 0.606849315625 0.4557416265625 0.606849315625 0.422248803125
6 0.658904109375 0.6136363640625 0.6465753421875 0.5657894734375 0.6349315062499999 0.547846890625 0.6130136984375001 0.528708134375 0.5828767125 0.528708134375 0.542465753125 0.5753588515625 0.5356164390625 0.6040669859375 0.5356164390625 0.639952153125 0.54794520625 0.68779904375 0.5636986296875001 0.7129186609375 0.58150685 0.7272727265625 0.6109589046874999 0.7284689 0.63356164375 0.7081339718749999 0.6534246578125 0.6734449765625 0.658904109375 0.6543062203125001 0.658904109375 0.6136363640625
6 0.5965753421875 0.3851674640625 0.5986301375 0.34090909062499997 0.591780821875 0.3169856453125 0.5773972609375 0.2966507171875 0.5513698625 0.2775119625 0.5363013703124999 0.2751196171875 0.5143835609375 0.2942583734375 0.510273971875 0.2870813390625 0.5041095890625 0.29545454531250004 0.5123287671875 0.3026315796875 0.4972602734375 0.3241626796875 0.4958904109375 0.34569377968750004 0.4972602734375 0.3839712921875 0.5041095890625 0.38875598125 0.526712328125 0.3564593296875 0.540410959375 0.349282296875 0.5623287671874999 0.349282296875 0.5965753421875 0.3851674640625
6 0.5794520546874999 0.278708134375 0.56849315 0.24282296718750002 0.5541095890625 0.2224880375 0.5390410953125 0.2129186609375 0.5171232875 0.21531100468750003 0.5027397265625 0.2332535890625 0.5041095890625 0.278708134375 0.4972602734375 0.3074162671875 0.5041095890625 0.3169856453125 0.53493150625 0.2775119625 0.576027396875 0.2990430625 0.5808219171875 0.29545454531250004 0.5794520546874999 0.278708134375
6 0.38082191718749997 0.43181818125 0.35821917812500004 0.428229665625 0.34520547968750004 0.438995215625 0.3383561640625 0.49401913906250006 0.31506849375 0.5490430625 0.34315068437499996 0.571770334375 0.3623287671875 0.6076555031249999 0.3698630140625 0.6064593296874999 0.3856164390625 0.5956937796874999 0.41095890468749996 0.5346889953125 0.3890410953125 0.5035885171875 0.38082191718749997 0.43181818125
6 0.3876712328125 0.6590909093749999 0.3876712328125 0.6040669859375 0.376027396875 0.6028708140625 0.3643835609375 0.6160287078125 0.36575342499999997 0.678229665625 0.35068493125 0.7284689 0.38424657500000003 0.74162679375 0.4116438359375 0.7870813390625 0.41780821875 0.7858851671875 0.43972602812500006 0.7404306218750001 0.415753425 0.7248803828125 0.4013698625 0.699760765625 0.3876712328125 0.6590909093749999
6 0.5328767125 0.6064593296874999 0.5280821921875 0.598086125 0.5075342468749999 0.598086125 0.506849315625 0.67105263125 0.48356164375 0.7260765546875 0.50068493125 0.7344497609375 0.5335616437499999 0.7822966499999999 0.539726028125 0.781100478125 0.5698630140625001 0.7260765546875 0.5452054796875 0.6830143546875 0.534246575 0.637559809375 0.5328767125 0.6064593296874999
6 0.6452054796875 0.7595693781249999 0.6794520546875 0.6973684203125 0.659589040625 0.6674641140625 0.61643835625 0.7284689 0.6452054796875 0.7595693781249999
6 0.7383561640625 0.6758373203125 0.723287671875 0.6925837328125 0.765753425 0.7643540671875 0.776712328125 0.7284689 0.7986301375 0.6949760765625 0.75 0.6339712921875 0.7383561640625 0.6758373203125
6 0.6171232875 0.428229665625 0.6082191781249999 0.438995215625 0.6054794515624999 0.47009569375 0.5821917812499999 0.5227272734375 0.6157534250000001 0.528708134375 0.64931506875 0.561004784375 0.673972603125 0.5155502390625 0.6726027390625 0.49401913906250006 0.6417808218750001 0.43540669843749996 0.6171232875 0.428229665625
6 0.6294520546875 0.291866028125 0.60068493125 0.291866028125 0.5876712328125 0.3098086125 0.6 0.34090909062499997 0.6041095890625 0.40789473750000005 0.608904109375 0.4234449765625 0.624657534375 0.42703349218750003 0.6383561640625001 0.41985645937499994 0.6383561640625001 0.37200956875 0.6465753421875 0.3313397125 0.6294520546875 0.291866028125
6 0.5970321281250001 0.141943928125 0.5703198 0.1455324453125 0.5662102109375 0.22926450312500002 0.5771691156250001 0.253187946875 0.5970321281250001 0.223283640625 0.6237444578125 0.212518090625 0.6182650062499999 0.1742405796875 0.5970321281250001 0.141943928125
6 0.4876712328125 0.17105263125 0.4691780828125 0.131578946875 0.43219178124999996 0.12200956874999999 0.4013698625 0.15430622031250002 0.4 0.1758373203125 0.40958904062499996 0.18779904375 0.4294520546875 0.169856459375 0.46780821875 0.1674641140625 0.4801369859375 0.1770334921875 0.4876712328125 0.17105263125
6 0.8945205484375001 0.5251196171875 0.8746575343749999 0.49760765625000003 0.841780821875 0.49043062187500003 0.8712328765624999 0.55143540625 0.8767123281250001 0.5968899515625 0.8876712328125 0.599282296875 0.90205479375 0.598086125 0.9041095890624999 0.58971291875 0.9027397265625 0.55143540625 0.8945205484375001 0.5251196171875
6 0.8267123281250001 0.3229665078125 0.8061643828125 0.311004784375 0.792465753125 0.3133971296875 0.7671232875 0.34808612499999997 0.7616438359375 0.3767942578125 0.7650684937500001 0.3971291859375 0.8034246578124999 0.3971291859375 0.841095890625 0.441387559375 0.84794520625 0.4174641140625 0.8465753421875 0.3767942578125 0.842465753125 0.3528708140625 0.8267123281250001 0.3229665078125
6 0.741095890625 0.2332535890625 0.723972603125 0.21531100468750003 0.726027396875 0.26913875625 0.7123287671874999 0.3098086125 0.7616438359375 0.37200956875 0.7671232875 0.34090909062499997 0.75205479375 0.3098086125 0.75068493125 0.2667464109375 0.741095890625 0.2332535890625
6 0.48972602812500005 0.47846890000000003 0.4726027390625 0.520334928125 0.48904109531250006 0.5442583734374999 0.5075342468749999 0.5933014359375 0.53150685 0.5944976078125 0.55068493125 0.55143540625 0.5376712328125001 0.550239234375 0.5171232875 0.528708134375 0.48972602812500005 0.47846890000000003