3 0.0007562203125 0.6210801328125 0.014693465624999999 0.8582415593749999 0.0263079765625 0.855916375 0.0518595203125 0.6536316296875 0.079734009375 0.52807558125 0.0657967640625 0.40949486718749994 0.022074984375000002 0.3950272984375 0.010047787499999999 0.4071697921875 0.0123707328125 0.469947815625 0.0007562203125 0.6210801328125
3 0.1378059296875 0.4071697921875 0.135482984375 0.3304410953125 0.14477455156250002 0.2816137421875 0.12154574062500001 0.269988146875 0.0987567546875 0.2730335734375 0.07508833125 0.40019445625000005 0.089025575 0.6675823015625 0.135482984375 0.5211002453125 0.1378059296875 0.4071697921875
3 0.186586284375 0.5769029328124999 0.2214293953125 0.474598075 0.24465799375000002 0.37694337031249997 0.189380665625 0.381085159375 0.0054021109375 0.8838177203124999 0.0170164109375 0.9396204078125001 0.0843796859375 0.81871461875 0.186586284375 0.5769029328124999
3 0.2702097484375 0.732685509375 0.3027299140625 0.9024187578125 0.325958725 0.7164096546875001 0.330604403125 0.5001742359375 0.30040696875 0.32811601874999996 0.2312070859375 0.33228766875 0.2493038828125 0.45367206718749997 0.279501103125 0.5931787890625 0.2702097484375 0.732685509375
3 0.3677704578125 0.5676025203124999 0.43745667812500005 0.832665290625 0.4792684109375 0.9117190640624999 0.4328107890625 0.3676428515625 0.3770618125 0.188609296875 0.3183454625 0.21377947812500003 0.3143442140625 0.260687734375 0.344541646875 0.4164702046875 0.3677704578125 0.5676025203124999
3 0.41422786718750004 0.35834243906249996 0.44907097812499996 0.49784916093750003 0.4746225203125 0.7559365953125 0.5048199546875 0.9047437281249999 0.523402875 0.8977683921875 0.4932056546875 0.4769231515625 0.4746225203125 0.13048142499999998 0.4054838375 0.0883002171875 0.38635337812500004 0.1537326171875 0.40261356875 0.21883571875 0.41422786718750004 0.35834243906249996
3 0.4932056546875 0.3908940421875 0.4955283875 0.62805546875 0.530371496875 0.876842384375 0.5652146078125 0.5397011765624999 0.5977349859375 0.14675728125 0.544308740625 0.1328066078125 0.4961077484375 0.1405832421875 0.4862370328125 0.1630330296875 0.5001742765625 0.2723133296875 0.4932056546875 0.3908940421875
3 0.6860041265625 0 0.6813584500000001 0.0026003 0.6883270718750001 0.0002752234375 0.6116722296875 0.43739621250000005 0.6139949625 0.595503865625 0.662775315625 0.6094545375 0.702264315625 0.5304007640624999 0.70690999375 0.4118200515625 0.713878615625 0.23046131406249998 0.739430159375 0.107230340625 0.7533674031250001 0.02120123125 0.6883270718750001 0 0.6860041265625 0
3 0.7092329390625001 0.7815128625 0.7440760484375 0.6838581578125 0.74639878125 0.5304007640624999 0.7696275921875 0.32114068281249997 0.7765962140625 0.20255996875 0.7905334578125001 0.0026003 0.748721725 0 0.6906498046875 0.586203453125 0.6465153390625 0.7443109984375 0.65580669375 0.7838379390625 0.7092329390625001 0.7815128625
3 0.8044707015625001 0.7536115171875 0.799825025 0.5792281171875 0.8300222453125 0.4211204640625 0.8695112453125 0.29323933750000003 0.8695112453125 0.23046131406249998 0.8237480406250001 0.2068084078125 0.7556903484374999 0.25603747499999996 0.7371074265625001 0.5629522609375 0.767304646875 0.8047639468750001 0.8044707015625001 0.7536115171875
3 0.8555740015625 0.7396608453125 0.9113229781250001 0.58155319375 0.9252602218750001 0.35834243906249996 0.9206143328125 0.23743664999999997 0.950811765625 0.0863043328125 0.9178574875000001 0.07087254062500001 0.8695112453125 0.3025397515625 0.799825025 0.586203453125 0.78588778125 0.7164096546875001 0.8555740015625 0.7396608453125
3 0.8532510562500001 0.9930981265625001 0.9113229781250001 0.832665290625 0.964749009375 0.614104796875 1 0.4397213953125 0.9624260640625 0.2048850453125 0.9322288437499999 0.48157341093749995 0.8602196781250001 0.7791876796875 0.8114393234374999 1 0.8532510562500001 0.9930981265625001