7 0.209375 0.5078125 0.19921875 0.15859375
7 0.503125 0.5953125 0.20859375 0.165625
7 0.52109375 0.759375 0.1640625 0.21484375
7 0.390625 0.79765625 0.18046875 0.2421875
7 0.2 0.76328125 0.24453125 0.2640625
7 0.6453125 0.80078125 0.146875 0.13203125
7 0.6140625 0.50703125 0.2171875 0.125
7 0.4140625 0.475 0.20625 0.1734375
7 0.15078125 0.30078125 0.13828125 0.1546875
7 0.2546875 0.21171875 0.17109375 0.134375
7 0.54453125 0.346875 0.153125 0.09921875
7 0.71484375 0.37421875 0.12265625 0.1546875
7 0.54140625 0.2125 0.11953125 0.1203125
7 0.2875 0.08203125 0.12734375 0.10234375
7 0.75703125 0.634375 0.16171875 0.171875
7 0.89296875 0.759375 0.1671875 0.1421875
7 0.73828125 0.76640625 0.13515625 0.16015625
7 0.69921875 0.14296875 0.12265625 0.09375
7 0.49765625 0.0765625 0.11328125 0.0875
7 0.86171875 0.28046875 0.13515625 0.11015625