4 0.4703125 0.43984375 0.19375 0.25
4 0.48515625 0.60625 0.31640625 0.14453125
4 0.37265625 0.15078125 0.27265625 0.1875
4 0.48359375 0.26875 0.15390625 0.22578125
4 0.146875 0.46875 0.19453125 0.27265625
4 0.0859375 0.67734375 0.1703125 0.2453125
4 0.6078125 0.8578125 0.18125 0.28125
4 0.421875 0.81875 0.1859375 0.25859375
4 0.70234375 0.8109375 0.25703125 0.24921875
4 0.815625 0.45234375 0.23046875 0.13671875
4 0.76484375 0.24453125 0.19296875 0.18359375
4 0.65078125 0.134375 0.2703125 0.1140625
4 0.94375 0.81953125 0.1125 0.18515625