2 0.20625 0.3375 0.1328125 0.3765625
2 0.5765625 0.39921875 0.2796875 0.42109375
2 0.81875 0.396875 0.20703125 0.51171875
2 0.5546875 0.8328125 0.25859375 0.334375
2 0.07265625 0.83671875 0.1453125 0.3234375
2 0.0859375 0.1109375 0.171875 0.221875
2 0.30625 0.11484375 0.23046875 0.20078125
2 0.89453125 0.15859375 0.21015625 0.284375
13 0.27421875 0.9078125 0.24765625 0.18359375
2 0.0796875 0.60234375 0.159375 0.2859375
2 0.24921875 0.675 0.13359375 0.3078125
2 0.509375 0.09921875 0.1875 0.1984375
2 0.7953125 0.83515625 0.22421875 0.3296875
2 0.38203125 0.40078125 0.171875 0.35625