7 0.334375 0.16796875 0.253125 0.20625
7 0.4421875 0.434375 0.1734375 0.35859375
7 0.58515625 0.25234375 0.35703125 0.18984375
7 0.82421875 0.340625 0.16171875 0.38125
7 0.71640625 0.5390625 0.36328125 0.21328125
7 0.8171875 0.8671875 0.365625 0.24375
7 0.71328125 0.671875 0.38828125 0.23984375
7 0.3953125 0.68359375 0.2703125 0.2234375
7 0.50390625 0.87109375 0.31484375 0.2546875
7 0.15390625 0.83984375 0.271875 0.2953125
7 0.12890625 0.61640625 0.25234375 0.375
7 0.2453125 0.34609375 0.25625 0.2375