7 0.45390625 0.26015625 0.22578125 0.18671875
7 0.4734375 0.39375 0.221875 0.296875
7 0.65703125 0.5359375 0.23203125 0.32890625
7 0.70234375 0.13515625 0.31171875 0.26875
7 0.75859375 0.75625 0.2203125 0.2859375
7 0.43515625 0.7765625 0.19921875 0.2703125
7 0.40859375 0.57890625 0.25625 0.17578125
7 0.11640625 0.62421875 0.1875 0.2609375
7 0.12265625 0.37734375 0.23671875 0.1609375
7 0.27265625 0.4609375 0.18984375 0.33359375
7 0.2109375 0.1390625 0.20234375 0.1234375
7 0.24140625 0.85234375 0.2859375 0.29453125
7 0.91875 0.64765625 0.1625 0.3234375
7 0.8671875 0.38671875 0.26484375 0.19296875
7 0.9390625 0.2234375 0.121875 0.14375