1 0.496875 0.7453125 0.090625 0.30546875
1 0.41640625 0.77421875 0.1 0.3046875
1 0.36015625 0.8296875 0.1421875 0.33984375
1 0.340625 0.3125 0.1296875 0.2625
1 0.34140625 0.1609375 0.1 0.26328125
1 0.44140625 0.29765625 0.09765625 0.3125
1 0.29453125 0.32109375 0.121875 0.38203125
1 0.2359375 0.81953125 0.0875 0.29140625
1 0.30234375 0.85546875 0.1265625 0.25859375
1 0.55078125 0.72734375 0.084375 0.315625
1 0.4953125 0.29453125 0.075 0.3234375
1 0.2703125 0.61953125 0.1125 0.25078125
1 0.225 0.3609375 0.109375 0.3859375
1 0.42109375 0.5890625 0.1015625 0.29296875