7 0.36015625 0.21875 0.13125 0.16015625
7 0.62109375 0.346875 0.19140625 0.21640625
7 0.66796875 0.19609375 0.190625 0.13984375
7 0.73359375 0.7890625 0.24609375 0.27734375
7 0.54375 0.85 0.16953125 0.221875
7 0.25859375 0.92109375 0.18828125 0.1578125
7 0.38125 0.66796875 0.1734375 0.17421875
7 0.43203125 0.54296875 0.19296875 0.1796875
7 0.9109375 0.63359375 0.178125 0.215625
7 0.79140625 0.3265625 0.1203125 0.12890625
7 0.2953125 0.3515625 0.1796875 0.18671875
7 0.16484375 0.3984375 0.1984375 0.15078125
7 0.18515625 0.57109375 0.16171875 0.18515625
7 0.5078125 0.33828125 0.1578125 0.1734375
7 0.87265625 0.21171875 0.165625 0.109375