3 0.5558035718750001 0.196428571875 0.5066964281249999 0.19196428593749998 0.48660714218749995 0.2388392859375 0.5357142859375 0.46651785781250005 0.6160714281249999 0.6540178578125 0.640625 0.6741071421875 0.6741071421875 0.671875 0.7544642859375 0.6450892859375 0.7544642859375 0.5647321421875 0.59375 0.24330357187499999 0.5558035718750001 0.196428571875
3 0.390625 0.27678571406249997 0.375 0.28794642812500004 0.3883928578125 0.49776785781250005 0.3616071421875 0.5959821421875 0.37946428593750003 0.6986607140625 0.44196428593750003 0.703125 0.5691964281249999 0.6651785718750001 0.5848214281249999 0.6004464281249999 0.5267857140625 0.453125 0.390625 0.27678571406249997
3 0.515625 0.0758928578125 0.41741071406249997 0.0267857140625 0.375 0.0424107140625 0.375 0.0647321421875 0.49776785781250005 0.1875 0.5558035718750001 0.19196428593749998 0.6026785718750001 0.25669642812500004 0.6383928578125 0.27455357187499996 0.7410714281249999 0.16741071406250002 0.7455357140625 0.12276785781249999 0.7165178578125 0.0892857140625 0.515625 0.0758928578125
3 0.6941964281249999 0 0.7723214281249999 0.17633928593749998 0.8883928578125 0.22544642812500001 0.8883928578125 0.1852678578125 0.8392857140625001 0.109375 0.7254464281249999 0 0.6941964281249999 0
3 0.491071428125 0.1897321421875 0.41741071406249997 0.1383928578125 0.36830357187499996 0.133928571875 0.33705357187499996 0.1741071421875 0.1584821421875 0.196428571875 0.0625 0.2299107140625 0.078125 0.2678571421875 0.140625 0.27232142812500004 0.149553571875 0.30803571406249997 0.2299107140625 0.2991071421875 0.31696428593750003 0.32366071406249997 0.3616071421875 0.2790178578125 0.359375 0.2321428578125 0.47991071406249997 0.27232142812500004 0.491071428125 0.1897321421875
3 0.24330357187499999 0.30357142812500004 0.0825892859375 0.3303571421875 0 0.38616071406249997 0.015625 0.40625 0.27678571406249997 0.430803571875 0.32142857187499996 0.39508928593750003 0.32142857187499996 0.3459821421875 0.3102678578125 0.3258928578125 0.24330357187499999 0.30357142812500004
3 0 0.430803571875 0.0022321421875000002 0.5044642859375 0.09375 0.5066964281249999 0.2299107140625 0.48214285781250005 0.2366071421875 0.44866071406249997 0.087053571875 0.41071428593750003 0 0.430803571875
3 0.22767857187499999 0.5915178578125 0.2232142859375 0.5290178578125 0.2075892859375 0.5133928578125 0.140625 0.491071428125 0.102678571875 0.515625 0.09375 0.5691964281249999 0.1272321421875 0.6071428578125 0.33928571406249997 0.7254464281249999 0.3727678578125 0.7098214281249999 0.375 0.6897321421875 0.29241071406249997 0.6160714281249999 0.22767857187499999 0.5915178578125
3 0.3125 0.41741071406249997 0.31696428593750003 0.578125 0.33928571406249997 0.5915178578125 0.38392857187499996 0.5022321421875 0.36830357187499996 0.29017857187499996 0.32142857187499996 0.328125 0.3125 0.41741071406249997
3 0.8348214281249999 0.8995535718750001 0.8571428578125 0.9129464281249999 0.8392857140625001 0.8638392859374999 0.8526785718750001 0.8191964281249999 0.7477678578125 0.8303571421875 0.5290178578125 0.8125 0.5491071421875 0.8638392859374999 0.625 0.9352678578125 0.6428571421875 0.9977678578125 0.6964285718750001 0.9977678578125 0.7700892859375 0.9598214281249999 0.8705357140625001 0.9441964281249999 0.8482142859374999 0.9397321421875 0.8348214281249999 0.8995535718750001
3 0.7566964281249999 0.2946428578125 0.6584821421875 0.30357142812500004 0.6428571421875 0.3415178578125 0.7053571421875 0.444196428125 0.7633928578125 0.45758928593750003 0.7678571421875 0.38616071406249997 0.8035714281249999 0.359375 0.7946428578125 0.3102678578125 0.7566964281249999 0.2946428578125
3 0.8214285718750001 0.38169642812500004 0.7879464281249999 0.3616071421875 0.7678571421875 0.40401785781250005 0.78125 0.5334821421875 0.8258928578125 0.5825892859375 0.8660714281249999 0.671875 0.90625 0.703125 0.9464285718750001 0.6808035718750001 0.9464285718750001 0.6272321421875 0.8571428578125 0.49776785781250005 0.8214285718750001 0.38169642812500004
3 0.8482142859374999 0.45758928593750003 0.8861607140625001 0.53125 0.9598214281249999 0.5290178578125 1 0.515625 0.9977678578125 0.42410714218749995 0.9263392859374999 0.428571428125 0.8482142859374999 0.45758928593750003
3 0.8080357140625001 0.36383928593750003 0.8370535718750001 0.40178571406249997 0.9375 0.421875 0.9821428578125 0.35491071406249997 0.9620535718750001 0.30803571406249997 0.7991071421875 0.3102678578125 0.8080357140625001 0.36383928593750003