4 0.66484375 0.3765625 0.3953125 0.27265625
4 0.4625 0.48359375 0.459375 0.26328125
4 0.278125 0.6640625 0.23984375 0.38984375
4 0.6 0.703125 0.52109375 0.31171875
4 0.203125 0.12890625 0.34140625 0.19609375
4 0.36796875 0.28671875 0.29609375 0.24296875
4 0.53046875 0.1484375 0.12265625 0.28359375
4 0.8484375 0.64296875 0.303125 0.3671875
4 0.81484375 0.9015625 0.3703125 0.19609375
4 0.80625 0.2921875 0.378125 0.18515625
4 0.8671875 0.675 0.26484375 0.31484375
4 0.53515625 0.13046875 0.15234375 0.24453125