7 0.46640625 0.2140625 0.2625 0.240625
7 0.6734375 0.21171875 0.21640625 0.25859375
7 0.41484375 0.478125 0.246875 0.2171875
7 0.27421875 0.1671875 0.2265625 0.2109375
7 0.60234375 0.73359375 0.1640625 0.20546875
7 0.59296875 0.51171875 0.23984375 0.19921875
7 0.8421875 0.3953125 0.2390625 0.24140625
7 0.734375 0.55859375 0.17890625 0.221875
7 0.26796875 0.73125 0.1828125 0.16328125
7 0.109375 0.50078125 0.165625 0.27421875
7 0.08828125 0.73359375 0.1765625 0.1890625
7 0.4078125 0.8484375 0.24921875 0.22734375