7 0.4640625 0.33984375 0.2390625 0.49296875
7 0.259375 0.45234375 0.1984375 0.3234375
7 0.253125 0.2140625 0.228125 0.2640625
7 0.09296875 0.75 0.1859375 0.4203125
7 0.4359375 0.78515625 0.2234375 0.22109375
7 0.7671875 0.7296875 0.36015625 0.32265625
7 0.60859375 0.1984375 0.3109375 0.240625
7 0.7765625 0.33515625 0.17578125 0.27109375
7 0.903125 0.26953125 0.19375 0.3515625
7 0.93984375 0.65078125 0.1203125 0.30703125
7 0.24375 0.828125 0.1921875 0.18515625
7 0.3375 0.58828125 0.22421875 0.36875