4 0.434375 0.4546875 0.21015625 0.10546875
4 0.4328125 0.20859375 0.175 0.12421875
4 0.2828125 0.34609375 0.16328125 0.15546875
4 0.1859375 0.4609375 0.11171875 0.1171875
4 0.33828125 0.77578125 0.1328125 0.20234375
4 0.4015625 0.6375 0.14921875 0.175
4 0.509375 0.61953125 0.146875 0.16171875
4 0.571875 0.6078125 0.14296875 0.1734375
4 0.71328125 0.740625 0.1328125 0.16328125
4 0.67578125 0.62890625 0.17265625 0.125
4 0.78046875 0.5046875 0.1640625 0.07890625
4 0.91171875 0.49609375 0.096875 0.15625
4 0.89453125 0.59765625 0.09921875 0.14921875
4 0.759375 0.66796875 0.14140625 0.13828125
4 0.72890625 0.746875 0.1453125 0.1703125
4 0.1921875 0.72734375 0.15625 0.14765625
4 0.1546875 0.634375 0.175 0.1234375
4 0.190625 0.45390625 0.1203125 0.0828125
4 0.6953125 0.284375 0.10390625 0.10078125