1 0.18125 0.6234375 0.2484375 0.09609375
1 0.175 0.54765625 0.22734375 0.0734375
1 0.184375 0.49140625 0.2 0.0984375
1 0.2 0.4375 0.1984375 0.1484375
1 0.2484375 0.396875 0.1640625 0.2234375
1 0.89765625 0.54921875 0.203125 0.1125
1 0.690625 0.2625 0.178125 0.09609375
1 0.896875 0.6359375 0.20625 0.08828125
1 0.93203125 0.7578125 0.1359375 0.16328125
1 0.7546875 0.80390625 0.19453125 0.11328125
1 0.72734375 0.721875 0.14375 0.08671875
1 0.70625 0.6625 0.11484375 0.065625
1 0.7921875 0.57734375 0.11328125 0.08828125
1 0.571875 0.71953125 0.19609375 0.08203125
1 0.9421875 0.175 0.115625 0.06328125
1 0.69765625 0.19765625 0.16484375 0.0671875
1 0.22250572812499997 0.2424056328125 0.23256441875 0.22304066718749999 0.1983649265625 0.163332153125 0.1752299046875 0.11169220937499999 0.12191880625 0.07134859375 0.09834001718749999 0.07102502187500001 0.08973102187500001 0.0923272765625 0.11588360625 0.1246021984375 0.1913237953125 0.21013071249999998 0.22250572812499997 0.2424056328125
1 0.26953125 0.88671875 0.334375 0.22578125
1 0.06171875 0.7640625 0.1234375 0.340625
1 0.05078125 0.459375 0.1015625 0.34453125
1 0.48828125 0.190625 0.171875 0.275
1 0.72109375 0.38125 0.146875 0.18046875
1 0.78203125 0.10703125 0.17734375 0.21328125
1 0.5705365359375 0.9556813843749999 0.643964940625 0.9960250281249999 0.6741410171875 1 0.610771303125 0.9201788984375 0.5233903203125 0.882163034375 0.4991197609375 0.9088827281249999 0.5142077953124999 0.96536383125 0.5282899828125001 0.9847287343750001 0.5705365359375 0.9556813843749999
1 0.823009690625 1 0.7696985921875 0.9250201859375 0.7354990984375 0.90726900625 0.670523115625 0.882163034375 0.6288769015625 0.90726900625 0.6258592640625 0.9363163562500001 0.6640823234375001 0.9847287343750001 0.6872173484374999 1 0.712364078125 0.9459988078125001 0.7395225140624999 0.9314751921875001 0.7837808515625 1 0.823009690625 1
1 0.9950133875 0.9363163562500001 0.999999975 0.7752219546875 0.9185672640625 0.8975864296875 0.91655555625 0.9363163562500001 0.9557843937499999 0.9443850843750001 0.9950133875 0.9363163562500001
1 0.19765625 0.16484375 0.29375 0.28046875
1 0.50234375 0.596875 0.29765625 0.1203125
1 0.87578125 0.40078125 0.24765625 0.18359375
1 0.515625 0.51953125 0.26640625 0.08515625
1 0.33203125 0.35390625 0.07578125 0.31015625
1 0.38828125 0.34765625 0.08046875 0.28203125
1 0.3546875 0.06171875 0.1671875 0.1234375
1 0.55546875 0.0703125 0.1609375 0.140625
1 0.20390625 0.70390625 0.19609375 0.13515625
1 0.5625 0.81015625 0.18671875 0.09609375
1 0.4390625 0.74453125 0.14375 0.08359375
1 0.5734375 0.5015625 0.22578125 0.328125
1 0.88515625 0.8625 0.11953125 0.11640625
1 0.79609375 0.91484375 0.2046875 0.1703125
1 0.86953125 0.27578125 0.0890625 0.05546875
1 0.95234375 0.296875 0.0953125 0.084375