4 0.40390625 0.23671875 0.10859375 0.19609375
4 0.7375 0.596875 0.29921875 0.60078125
4 0.5375 0.10859375 0.209375 0.1359375
4 0.4140625 0.69921875 0.1875 0.30234375
4 0.35859375 0.83515625 0.1890625 0.27421875
4 0.125 0.63046875 0.25 0.23828125
4 0.2515625 0.93046875 0.296875 0.13828125
4 0.53359375 0.94609375 0.3578125 0.1046875
4 0.39921875 0.4734375 0.14453125 0.121875
4 0.22109375 0.35234375 0.12421875 0.2046875
4 0.0671875 0.6671875 0.13359375 0.2546875
4 0.1171875 0.59765625 0.23359375 0.221875