3 0.2390625 0.5625 0.09296875 0.29140625
3 0.30390625 0.59921875 0.12109375 0.25
3 0.63203125 0.5390625 0.0765625 0.27890625
3 0.72890625 0.53828125 0.11953125 0.296875
3 0.74140625 0.825 0.08984375 0.27890625
3 0.66640625 0.853125 0.1328125 0.29375
3 0.51796875 0.81328125 0.14296875 0.24140625
3 0.3734375 0.8515625 0.12109375 0.2703125
3 0.28828125 0.83515625 0.13984375 0.2578125
3 0.184375 0.8546875 0.13125 0.27265625
3 0.15546875 0.60546875 0.13046875 0.25390625
3 0.5671875 0.53046875 0.12109375 0.284375
3 0.93203125 0.778125 0.1359375 0.25078125
3 0.83671875 0.83671875 0.08046875 0.20078125