7 0.40234375 0.15234375 0.190625 0.178125
7 0.20390625 0.28828125 0.25390625 0.1546875
7 0.19296875 0.41796875 0.23515625 0.1421875
7 0.24375 0.578125 0.175 0.2484375
7 0.2859375 0.82265625 0.196875 0.2265625
7 0.38046875 0.53828125 0.20078125 0.159375
7 0.42265625 0.3984375 0.15 0.10234375
7 0.625 0.10859375 0.14453125 0.15546875
7 0.65390625 0.2625 0.1578125 0.165625
7 0.82265625 0.51171875 0.20703125 0.2390625
7 0.61171875 0.67578125 0.1640625 0.1375
7 0.571875 0.81171875 0.18828125 0.1828125
7 0.8859375 0.7609375 0.22734375 0.17421875
7 0.90390625 0.92578125 0.1921875 0.1484375
7 0.8859375 0.375 0.18359375 0.1328125
7 0.79296875 0.1484375 0.21328125 0.17734375
7 0.453125 0.91953125 0.1828125 0.1609375
7 0.69765625 0.4640625 0.14453125 0.15625
7 0.49375 0.475 0.134375 0.15