3 1 0.5915178578125 0.9486607140625001 0.5625 0.6986607140625 0.48214285781250005 0.444196428125 0.46428571406249997 0.36830357187499996 0.44196428593750003 0.31919642812500004 0.446428571875 0.2455357140625 0.484375 0.2455357140625 0.5424107140625 0.2678571421875 0.5870535718750001 0.36383928593750003 0.6517857140625 0.7834821421875 0.7991071421875 0.9196428578125 0.8147321421875 1 0.7924107140625 1 0.5915178578125
3 0.6830357140625 0.1897321421875 0.6450892859375 0.147321428125 0.5200892859375 0.15625 0.33258928593750003 0.1383928578125 0.30357142812500004 0.1584821421875 0.3147321421875 0.19196428593749998 0.40401785781250005 0.25446428593750003 0.5848214281249999 0.35044642812500004 0.6205357140625 0.31919642812500004 0.6294642859375 0.27008928593750003 0.6830357140625 0.22544642812500001 0.6830357140625 0.1897321421875
3 0.6116071421875 0.0736607140625 0.7209821421875 0.2366071421875 0.8303571421875 0.27455357187499996 0.8258928578125 0.2209821421875 0.7611607140625 0.147321428125 0.640625 0.0625 0.6116071421875 0.0736607140625
3 1 0.21205357187499999 0.9620535718750001 0.2321428578125 0.8370535718750001 0.21875 0.8504464281249999 0.2678571421875 0.9553571421875 0.296875 0.9553571421875 0.328125 0.9330357140625001 0.3459821421875 0.9464285718750001 0.36830357187499996 0.9330357140625001 0.430803571875 1 0.44866071406249997 1 0.21205357187499999
3 0.8950892859374999 0.2991071421875 0.8995535718750001 0.28571428593750003 0.796875 0.28125 0.7120535718750001 0.2366071421875 0.6674107140625 0.25 0.6428571421875 0.30133928593750003 0.6473214281249999 0.328125 0.671875 0.34375 0.8303571421875 0.35044642812500004 0.8683035718750001 0.3303571421875 0.9352678578125 0.3303571421875 0.9464285718750001 0.30580357187499996 0.8950892859374999 0.2991071421875
3 0.15625 0.32366071406249997 0.162946428125 0.33928571406249997 0.30133928593750003 0.3303571421875 0.35044642812500004 0.34821428593750003 0.38616071406249997 0.27678571406249997 0.44866071406249997 0.37053571406249997 0.5491071421875 0.390625 0.546875 0.33928571406249997 0.3415178578125 0.22767857187499999 0.21205357187499999 0.28125 0.15625 0.32366071406249997
3 0.43973214218749995 0.45535714218749995 0.45535714218749995 0.43973214218749995 0.4375 0.42633928593750003 0.43973214218749995 0.40625 0.45535714218749995 0.42633928593750003 0.4375 0.359375 0.42633928593750003 0.375 0.43303571406249997 0.35044642812500004 0.3928571421875 0.3147321421875 0.390625 0.28571428593750003 0.3616071421875 0.30133928593750003 0.36383928593750003 0.37053571406249997 0.30580357187499996 0.33482142812500004 0.14508928593749998 0.34375 0.10714285781249999 0.36830357187499996 0.118303571875 0.43303571406249997 0.2299107140625 0.428571428125 0.25669642812500004 0.46428571406249997 0.27232142812500004 0.462053571875 0.359375 0.428571428125 0.36830357187499996 0.41071428593750003 0.40848214218749995 0.45089285781250005 0.43973214218749995 0.45535714218749995
3 0 0.6897321421875 0.0357142859375 0.6897321421875 0.14508928593749998 0.6294642859375 0.203125 0.6339285718750001 0.2633928578125 0.6004464281249999 0.2366071421875 0.5245535718750001 0.24107142812500001 0.44866071406249997 0.22544642812500001 0.43303571406249997 0.0959821421875 0.4375 0 0.47991071406249997 0 0.6897321421875
3 0.2165178578125 0.7544642859375 0.069196428125 0.7008928578125 0 0.703125 0.0022321421875000002 0.8258928578125 0.31696428593750003 0.8370535718750001 0.33482142812500004 0.8102678578125 0.3147321421875 0.7946428578125 0.265625 0.7946428578125 0.2165178578125 0.7544642859375
3 0.36383928593750003 0.6607142859375 0.2790178578125 0.6071428578125 0.22767857187499999 0.6986607140625 0.22767857187499999 0.765625 0.29241071406249997 0.7946428578125 0.3459821421875 0.71875 0.38392857187499996 0.8415178578125 0.40848214218749995 0.8616071421875 0.45089285781250005 0.8638392859374999 0.5089285718750001 0.8147321421875 0.5044642859375 0.7522321421875 0.477678571875 0.703125 0.36383928593750003 0.6607142859375
3 0.6071428578125 0.36830357187499996 0.6116071421875 0.39508928593750003 0.5892857140625 0.40848214218749995 0.5982142859375 0.462053571875 0.6428571421875 0.46651785781250005 0.7276785718750001 0.44866071406249997 0.7388392859375 0.3571428578125 0.6584821421875 0.35267857187499996 0.6071428578125 0.36830357187499996
3 1 0.46651785781250005 0.9620535718750001 0.446428571875 0.8080357140625001 0.5022321421875 0.9642857140625001 0.546875 1 0.5334821421875 1 0.46651785781250005