4 0.5375 0.21796875 0.1734375 0.10625
4 0.72109375 0.28515625 0.13046875 0.10234375
4 0.81796875 0.6296875 0.17421875 0.15859375
4 0.80078125 0.746875 0.17265625 0.15390625
4 0.54140625 0.8265625 0.0984375 0.18984375
4 0.3921875 0.63125 0.11015625 0.18203125
4 0.203125 0.71796875 0.1015625 0.20625
4 0.31875 0.54296875 0.190625 0.0828125
4 0.428125 0.46875 0.20234375 0.14609375
4 0.1984375 0.3828125 0.11640625 0.17265625
4 0.3234375 0.3015625 0.12890625 0.1484375
4 0.73359375 0.3703125 0.18359375 0.11015625
4 0.59921875 0.5109375 0.14921875 0.1265625