4 0.53515625 0.240625 0.2046875 0.0953125
4 0.71875 0.3 0.14140625 0.090625
4 0.790625 0.44921875 0.14765625 0.0875
4 0.8328125 0.5203125 0.1375 0.121875
4 0.8203125 0.64453125 0.1421875 0.153125
4 0.7703125 0.7625 0.140625 0.1234375
4 0.52265625 0.8265625 0.103125 0.1828125
4 0.609375 0.75234375 0.09375 0.19296875
4 0.2125 0.73203125 0.115625 0.19765625
4 0.31875 0.553125 0.1984375 0.0875
4 0.43203125 0.48671875 0.20546875 0.11640625
4 0.58515625 0.54375 0.1625 0.08203125
4 0.66328125 0.496875 0.11953125 0.15234375
4 0.33125 0.33046875 0.13515625 0.15390625
4 0.20546875 0.3984375 0.14609375 0.11796875