7 0.59140625 0.24921875 0.23671875 0.16953125
7 0.359375 0.20546875 0.1421875 0.16328125
7 0.10390625 0.3609375 0.2078125 0.321875
7 0.125 0.68984375 0.25 0.34375
7 0.2421875 0.86015625 0.29140625 0.26953125
7 0.525 0.8390625 0.38671875 0.31875
7 0.77578125 0.7484375 0.4046875 0.46796875
7 0.49765625 0.56171875 0.24296875 0.2859375
7 0.85390625 0.48125 0.29140625 0.27109375
7 0.6390625 0.39921875 0.2390625 0.240625
7 0.36328125 0.096875 0.27109375 0.16015625
7 0.13671875 0.12890625 0.253125 0.19609375
7 0.8359375 0.1 0.15 0.16640625
7 0.275 0.44453125 0.17890625 0.22734375