2 0.1765625 0.32109375 0.25078125 0.38125
2 0.6703125 0.30078125 0.2921875 0.39375
2 0.43515625 0.2109375 0.24609375 0.36875
2 0.90390625 0.26953125 0.1921875 0.40078125
2 0.49453125 0.56328125 0.28359375 0.39609375
2 0.24921875 0.5984375 0.26953125 0.5890625
2 0.06875 0.61015625 0.13671875 0.48125
2 0.18046875 0.9203125 0.26328125 0.159375
2 0.81171875 0.925 0.2328125 0.15
2 0.47890625 0.81953125 0.2609375 0.3609375
2 0.7234375 0.69921875 0.31640625 0.4359375
2 0.234375 0.11015625 0.27265625 0.2203125