3 0.44921875 0.2234375 0.22890625 0.21484375
3 0.54921875 0.15 0.33125 0.278125
3 0.85234375 0.28515625 0.29453125 0.17734375
3 0.65859375 0.48828125 0.2671875 0.509375
3 0.62421875 0.8140625 0.61484375 0.203125
3 0.17265625 0.38671875 0.34453125 0.17109375
3 0.3625 0.41328125 0.1 0.3234375
3 0.82109375 0.13203125 0.25390625 0.2390625
3 0.54375 0.14921875 0.33359375 0.27890625
3 0.21328125 0.62421875 0.2953125 0.29375
3 0.2734375 0.496875 0.1203125 0.16875
3 0.471875 0.52265625 0.21484375 0.42890625
3 0.2109375 0.24296875 0.33984375 0.15625