3 0.2484375 0.115625 0.23984375 0.07109375
3 0.25234375 0.2328125 0.23203125 0.12734375
3 0.52734375 0.1921875 0.30546875 0.16796875
3 0.69921875 0.32578125 0.23359375 0.14453125
3 0.74296875 0.425 0.23125 0.2109375
3 0.45234375 0.43359375 0.14375 0.20234375
3 0.32109375 0.35859375 0.25703125 0.11640625
3 0.66171875 0.10546875 0.21015625 0.13046875
3 0.86484375 0.23359375 0.26953125 0.075
3 0.8203125 0.296875 0.28046875 0.11875
3 0.90234375 0.41171875 0.1796875 0.09765625
3 0.91484375 0.58984375 0.1703125 0.13984375