3 0.2515625 0.54765625 0.10234375 0.278125
3 0.315625 0.61875 0.09375 0.24140625
3 0.44921875 0.60234375 0.09765625 0.27421875
3 0.79453125 0.49765625 0.1109375 0.253125
3 0.85234375 0.83046875 0.11953125 0.25078125
3 0.665625 0.80625 0.109375 0.28515625
3 0.534375 0.8453125 0.1 0.2765625
3 0.36640625 0.83828125 0.115625 0.296875
3 0.26328125 0.85078125 0.1171875 0.275
3 0.15390625 0.60078125 0.07421875 0.2625
3 0.0640625 0.615625 0.090625 0.27109375
3 0.0640625 0.84296875 0.07265625 0.27734375
3 0.178125 0.83125 0.06484375 0.2609375
3 0.2296875 0.84921875 0.08125 0.265625
3 0.2953125 0.8265625 0.1140625 0.2625
3 0.984375 0.6046875 0.03125 0.11875
3 0.96484375 0.68125 0.06953125 0.19609375
3 0.93203125 0.78359375 0.1359375 0.31484375