7 0.33125 0.4578125 0.2515625 0.334375
7 0.52578125 0.209375 0.26796875 0.2359375
7 0.6203125 0.41875 0.35078125 0.24296875
7 0.71171875 0.6359375 0.31875 0.2953125
7 0.4515625 0.67265625 0.28046875 0.21953125
7 0.490625 0.871875 0.28203125 0.234375
7 0.1203125 0.26484375 0.240625 0.2109375
7 0.15625 0.64140625 0.31171875 0.23046875
7 0.20390625 0.81796875 0.303125 0.24375
7 0.84609375 0.5046875 0.3078125 0.2859375
7 0.76953125 0.1046875 0.3484375 0.20859375
7 0.48125 0.08203125 0.25234375 0.146875