4 0.56171875 0.55 0.2671875 0.61640625
4 0.2390625 0.46328125 0.23046875 0.20703125
4 0.18203125 0.675 0.3234375 0.2375
4 0.3171875 0.9015625 0.396875 0.196875
4 0.86015625 0.5203125 0.1859375 0.28984375
4 0.85234375 0.13828125 0.29453125 0.13359375
4 0.48984375 0.225 0.17109375 0.10078125
4 0.33984375 0.18515625 0.14296875 0.2234375
4 0.22890625 0.27734375 0.14765625 0.2171875
4 0.8296875 0.24140625 0.21796875 0.1734375
4 0.54375 0.1109375 0.14375 0.221875
4 0.61953125 0.121875 0.16953125 0.2078125
4 0.47265625 0.10234375 0.13828125 0.18828125
4 0.50859375 0.22578125 0.21328125 0.13359375
4 0.1359375 0.50390625 0.271875 0.1953125