7 0.38671875 0.5203125 0.22109375 0.1796875
7 0.48671875 0.61875 0.21640625 0.18828125
7 0.5140625 0.78828125 0.1953125 0.19765625
7 0.371875 0.825 0.15 0.24140625
7 0.178125 0.790625 0.22578125 0.2328125
7 0.26328125 0.66640625 0.23359375 0.1546875
7 0.21328125 0.54140625 0.2796875 0.12421875
7 0.2953125 0.42890625 0.1375 0.125
7 0.43203125 0.39609375 0.140625 0.14609375
7 0.3296875 0.2859375 0.13984375 0.1359375
7 0.13203125 0.32734375 0.1859375 0.14296875
7 0.26015625 0.2328125 0.15859375 0.128125
7 0.6453125 0.70234375 0.12890625 0.14609375
7 0.58828125 0.52734375 0.2140625 0.12421875
7 0.5484375 0.35625 0.15078125 0.11484375
7 0.6859375 0.38984375 0.134375 0.16640625
7 0.859375 0.77578125 0.16875 0.1421875
7 0.73671875 0.64375 0.15 0.15
7 0.72890625 0.78671875 0.121875 0.1609375
7 0.6375 0.81875 0.1375 0.1609375
7 0.81484375 0.4734375 0.15390625 0.1375
7 0.5671875 0.1375 0.146875 0.1078125
7 0.259375 0.10625 0.128125 0.121875
7 0.8234375 0.28359375 0.12421875 0.140625
7 0.51796875 0.22734375 0.1375 0.109375