4 0.37890625 0.27421875 0.1203125 0.1171875
4 0.2859375 0.20546875 0.16953125 0.125
4 0.490625 0.1703125 0.14375 0.09140625
4 0.5625 0.22734375 0.1140625 0.134375
4 0.515625 0.5890625 0.165625 0.15859375
4 0.62265625 0.73984375 0.10703125 0.18515625
4 0.71171875 0.7140625 0.17265625 0.16328125
4 0.87890625 0.515625 0.14609375 0.1984375
4 0.3015625 0.8421875 0.196875 0.2078125
4 0.06640625 0.5515625 0.12421875 0.18125
4 0.13125 0.3828125 0.128125 0.18515625
4 0.36875 0.4703125 0.2375 0.11640625
4 0.7125 0.45625 0.20625 0.1328125
4 0.2890625 0.6 0.18359375 0.14765625