7 0.16796875 0.3 0.3359375 0.2625
7 0.47890625 0.1546875 0.14453125 0.18359375
7 0.38828125 0.34765625 0.16171875 0.2109375
7 0.69921875 0.2 0.2328125 0.184375
7 0.83359375 0.68125 0.3328125 0.50625
7 0.62109375 0.803125 0.3703125 0.39375
7 0.353125 0.81953125 0.29921875 0.35078125
7 0.18828125 0.57265625 0.290625 0.35390625
7 0.17890625 0.0796875 0.175 0.14609375
7 0.078125 0.82890625 0.15625 0.3359375
7 0.58125 0.515625 0.19921875 0.28671875
7 0.39609375 0.515625 0.21171875 0.234375
7 0.56640625 0.35859375 0.17734375 0.18125
7 0.7609375 0.37265625 0.203125 0.2421875
7 0.91171875 0.4234375 0.16640625 0.225