4 0.20703125 0.41640625 0.259375 0.3
4 0.584375 0.6546875 0.3171875 0.14765625
4 0.425 0.87265625 0.27109375 0.15859375
4 0.67890625 0.30078125 0.240625 0.13828125
4 0.4109375 0.4078125 0.215625 0.18671875
4 0.546875 0.4515625 0.290625 0.14921875
4 0.4984375 0.534375 0.24609375 0.1375
4 0.39140625 0.534375 0.209375 0.23203125
4 0.1421875 0.6640625 0.19453125 0.1546875
4 0.13671875 0.55 0.215625 0.22734375
4 0.4328125 0.0875 0.1625 0.16953125
4 0.6953125 0.20234375 0.2984375 0.153125
4 0.6453125 0.29453125 0.225 0.0890625