7 0.32109375 0.29609375 0.203125 0.2546875
7 0.54453125 0.31484375 0.2921875 0.26015625
7 0.80703125 0.37890625 0.253125 0.25390625
7 0.74609375 0.59765625 0.46015625 0.33046875
7 0.325 0.759375 0.26015625 0.25625
7 0.3328125 0.51640625 0.2796875 0.23984375
7 0.58828125 0.79765625 0.30546875 0.27734375
7 0.878125 0.85234375 0.24375 0.2953125
7 0.14140625 0.203125 0.20859375 0.32421875
7 0.45703125 0.1046875 0.2734375 0.209375
7 0.6921875 0.08046875 0.22734375 0.1609375
7 0.85 0.17734375 0.2046875 0.221875
7 0.12265625 0.88125 0.23046875 0.23046875
7 0.16328125 0.6453125 0.26875 0.23828125