3 0.2625 0.37734375 0.40625 0.1109375
3 0.19921875 0.44765625 0.3984375 0.178125
3 0.1375 0.63671875 0.265625 0.35859375
3 0.44921875 0.29765625 0.3859375 0.11796875
3 0.24375 0.2984375 0.29296875 0.05
3 0.275 0.3296875 0.32421875 0.06484375
3 0.63515625 0.64921875 0.29921875 0.0828125
3 0.62734375 0.76796875 0.3359375 0.17265625
3 0.44140625 0.7421875 0.20859375 0.09453125
3 0.63203125 0.6609375 0.3359375 0.07890625
3 0.6796875 0.5984375 0.39921875 0.06171875
3 0.51015625 0.47578125 0.13515625 0.0703125