3 0.5558827390625 0.169334009375 0.769696559375 0.2507609609375 0.9015946265625001 0.3405393609375 0.7988529828125001 0.21735496875 0.879380165625 0.213179290625 0.766919671875 0.1714218484375 0.5631944015625 0.088680225 0.5350567203125001 0.11296150625000001 0.5378334812500001 0.1442795640625 0.5558827390625 0.169334009375
3 0.5989232171875 0.2695517953125 0.8071833906249999 0.321748528125 0.8405050171875 0.29043046875 0.8030181859375001 0.25493663906249997 0.54236106875 0.154407925 0.5322799609375 0.175597621875 0.5406103671875 0.213179290625 0.5989232171875 0.2695517953125
3 0.5544942953125 0.321748528125 0.6350216046875 0.38647248125 0.7183256734375 0.41987847343749995 0.73359804375 0.388560415625 0.6377983640625 0.3175727546875 0.49236106875 0.1700573765625 0.469801909375 0.213179290625 0.478132315625 0.25493663906249997 0.5544942953125 0.321748528125
3 0.8002413 0.403175478125 0.9182554406250001 0.4699873671875 0.994617546875 0.5180083265625 1 0.455372209375 0.8155137968749999 0.359330196875 0.7585892640624999 0.359330196875 0.7502588578125 0.3739452578125 0.8002413 0.403175478125
3 0.839116575 0.5367991609375 0.9265858484375 0.5827323765625 1 0.6453684921875 0.882157053125 0.5033932640625001 0.7349864875 0.38438464375 0.7224908765625 0.4303177640625 0.778026965625 0.47416304531250003 0.839116575 0.5367991609375
3 0.7363749312500001 0.497129653125 0.8266209640625 0.5764687656249999 0.9265858484375 0.6307533359375 0.8335629265625 0.540974934375 0.6988881 0.44075714843749997 0.5840277359375 0.37350025625 0.579485515625 0.409439090625 0.6364100484375 0.4344935375 0.7363749312500001 0.497129653125
3 0.7613661515625 0.5931716671875 0.8141253546874999 0.65371994375 0.9390814578125 0.64745633125 0.8599425921874999 0.5973474375000001 0.7821921703125 0.5347113218749999 0.6822272859375 0.455372209375 0.5215277359375 0.3922796 0.5517175359375 0.41987847343749995 0.6489056578125 0.4929538796875 0.7613661515625 0.5931716671875
3 0.5628247015625 0.5054811031249999 0.6336331609375 0.5388870953125 0.7363749312500001 0.5806444421875 0.7502588578125 0.5430627734375 0.6253027546875 0.455372209375 0.5253378703125 0.39899970625000003 0.4739671125 0.3822968046875 0.46424826250000006 0.428229925 0.4892394828125 0.4762509796875 0.5628247015625 0.5054811031249999
3 0.5142307046875 0.5367991609375 0.5850391625 0.5952596015625 0.6364100484375 0.626577659375 0.6988881 0.6578957171875001 0.7974645390624999 0.6975652250000001 0.8321746109375001 0.6558077828125 0.7072185078125 0.5952596015625 0.6364100484375 0.5430627734375 0.4892394828125 0.48877820156249996 0.48785103906250005 0.4950418140625 0.4906279265625 0.53053555 0.5142307046875 0.5367991609375
3 0.4975698890625 0.5952596015625 0.5600479421875 0.63910488125 0.6141955875 0.66207139375 0.6850040453124999 0.6954773859375 0.72665608125 0.74976195625 0.771084875 0.7351468953125 0.7099952671875001 0.66207139375 0.6058651796875 0.5952596015625 0.5322799609375 0.55767793125 0.4590277359375 0.5299947796875 0.4420338015625 0.5451507078125 0.44342224531249996 0.5827323765625 0.4975698890625 0.5952596015625
3 0.50173509375 0.65998355625 0.5350567203125001 0.6933894515625 0.58642760625 0.7184438984375 0.655847621875 0.7393226687500001 0.7155489140625 0.7434983453124999 0.691946009375 0.7080046109375 0.619749234375 0.66207139375 0.4892394828125 0.6077868234375 0.4420338015625 0.584820215625 0.4392570421875 0.5952596015625 0.46424826250000006 0.6328412703125 0.50173509375 0.65998355625
3 0.39066304218750003 0.6349291078125 0.4448106890625 0.7017409984375 0.504511853125 0.74976195625 0.5517175359375 0.795695171875 0.5683783484375 0.7810800140625 0.5517175359375 0.730971121875 0.4961814453125 0.64745633125 0.4239846703125 0.5869080546875 0.3753905453125 0.5618536078125 0.354564528125 0.549326384375 0.3462341203125 0.55976576875 0.3434573609375 0.5827323765625 0.354564528125 0.6098746625 0.39066304218750003 0.6349291078125
3 0.2851445125 0.620314046875 0.3059705296875 0.64745633125 0.3420689171875 0.689213775 0.392051359375 0.7706407265624999 0.4517526515625 0.83536468125 0.541998684375 0.9293189515625 0.5336682765625 0.8833857359374999 0.4920162421875 0.7977830109374999 0.4448106890625 0.7351468953125 0.3823326359375 0.6516321046875 0.33790371406249997 0.5722929921875 0.2934749203125 0.5660293796875 0.27361106875 0.5800730265625 0.2740373453125 0.5806444421875 0.2726489015625 0.591083828125 0.2851445125 0.620314046875
3 0.3698370265625 0.8144860078124999 0.42676143125 0.8645948999999999 0.43786859843750003 0.8249252953124999 0.3323501953125 0.6787743890625 0.28097930937500004 0.5994352765625 0.251822884375 0.5827323765625 0.24488092187500002 0.6077868234375 0.251822884375 0.65371994375 0.28653295624999997 0.710092446875 0.3698370265625 0.8144860078124999
3 0.35039932500000004 0.933494628125 0.4156542640625 1 0.38927459999999997 0.9063522468749999 0.35039932500000004 0.8082223953125001 0.2545996453125 0.680862228125 0.242104034375 0.7080046109375 0.2601532921875 0.7789921765625001 0.29208647656250003 0.8374525203125 0.35039932500000004 0.933494628125
3 0.24488092187500002 0.889649346875 0.3018053265625 0.9481097859375 0.3018053265625 0.8938250234374999 0.24488092187500002 0.722619671875 0.19236106875 0.6520605078124999 0.1935100359375 0.73305905625 0.21017085 0.7894315609375 0.24488092187500002 0.889649346875