3 0.1234375 0.93046875 0.15078125 0.1390625
3 0.26640625 0.9125 0.13828125 0.17421875
3 0.38359375 0.85234375 0.14609375 0.1375
3 0.47421875 0.75546875 0.203125 0.1578125
3 0.5609375 0.6421875 0.275 0.16953125
3 0.6203125 0.503125 0.1609375 0.16484375
3 0.7203125 0.44765625 0.159375 0.1609375
3 0.76640625 0.31796875 0.10234375 0.1390625
3 0.5375 0.22109375 0.1203125 0.428125
3 0.25546875 0.43828125 0.24765625 0.56484375
3 0.40546875 0.1359375 0.1421875 0.2640625
3 0.54375 0.22265625 0.14140625 0.44453125
3 0.146875 0.109375 0.1671875 0.2109375
3 0.09375 0.38828125 0.18671875 0.1609375
3 0.353125 0.51484375 0.28203125 0.40859375