2 0.23359375 0.26484375 0.178125 0.225
2 0.23359375 0.51796875 0.19453125 0.31875
2 0.3859375 0.61875 0.17890625 0.3671875
2 0.471875 0.4375 0.215625 0.275
2 0.57890625 0.64140625 0.19609375 0.321875
2 0.553125 0.16328125 0.203125 0.3265625
2 0.75546875 0.27109375 0.2453125 0.34140625
2 0.0796875 0.51953125 0.15859375 0.25390625
2 0.16484375 0.796875 0.23203125 0.32734375
2 0.70078125 0.8359375 0.20859375 0.31171875
2 0.9140625 0.5109375 0.153125 0.26640625
2 0.921875 0.2796875 0.1328125 0.28828125