2 0.15 0.1046875 0.16015625 0.209375
2 0.5984375 0.0796875 0.190625 0.146875
2 0.9328125 0.1828125 0.13359375 0.25390625
2 0.6796875 0.63359375 0.23515625 0.56484375
2 0.8671875 0.53828125 0.23359375 0.46953125
2 0.43828125 0.6671875 0.325 0.6203125
2 0.79296875 0.87578125 0.2828125 0.24765625
2 0.2015625 0.80859375 0.284375 0.3828125
2 0.26171875 0.24765625 0.1890625 0.2578125
2 0.4609375 0.29296875 0.2875 0.32734375
2 0.109375 0.52734375 0.21875 0.3578125
2 0.175 0.28203125 0.15703125 0.1984375
2 0.0625 0.25390625 0.125 0.4421875
2 0.77421875 0.18046875 0.17109375 0.33359375