8 0.3375 0.1109375 0.125 0.090625
8 0.37890625 0.34765625 0.13828125 0.10703125
8 0.8078125 0.74609375 0.17421875 0.15
8 0.30859375 0.60078125 0.12109375 0.1125
8 0.10390625 0.8203125 0.1234375 0.11796875
8 0.0984375 0.4890625 0.10390625 0.096875
8 0.1015625 0.3453125 0.09140625 0.1515625
8 0.871875 0.12109375 0.1515625 0.11171875
8 0.20546875 0.05625 0.10703125 0.1125
8 0.240625 0.26484375 0.1234375 0.1375
8 0.50234375 0.3046875 0.128125 0.1125
8 0.51875 0.58671875 0.0953125 0.15390625
8 0.56953125 0.765625 0.134375 0.115625
8 0.38828125 0.9234375 0.1421875 0.11953125
8 0.61796875 0.91171875 0.128125 0.1765625
8 0.7953125 0.95 0.15 0.1
8 0.96015625 0.7203125 0.0796875 0.16015625
8 0.7515625 0.4890625 0.06953125 0.10859375
8 0.696875 0.35546875 0.0890625 0.09609375
8 0.8203125 0.36953125 0.12109375 0.12421875
8 0.9296875 0.5609375 0.12890625 0.16796875
8 0.23046875 0.80234375 0.115625 0.128125
8 0.15625 0.9515625 0.20859375 0.09609375
8 0.06171875 0.61328125 0.0890625 0.10703125
8 0.284375 0.4375 0.08046875 0.12890625
8 0.190625 0.55390625 0.096875 0.0765625
8 0.2046875 0.6734375 0.11640625 0.096875
8 0.378125 0.346875 0.153125 0.1328125
8 0.56015625 0.21171875 0.14296875 0.1125
8 0.70078125 0.140625 0.090625 0.1046875
8 0.03828125 0.115625 0.0765625 0.084375
8 0.05390625 0.221875 0.0734375 0.090625
8 0.11796875 0.075 0.078125 0.1234375
8 0.03515625 0.03984375 0.0703125 0.0796875
8 0.56171875 0.45546875 0.10078125 0.09921875
8 0.6640625 0.5125 0.10703125 0.09453125
8 0.9421875 0.9171875 0.115625 0.165625
8 0.815625 0.6359375 0.146875 0.121875
8 0.6640625 0.66953125 0.0828125 0.1078125
8 0.94765625 0.4390625 0.1046875 0.128125
8 0.93203125 0.284375 0.090625 0.11171875
8 0.72578125 0.259375 0.1328125 0.10703125
8 0.83046875 0.2359375 0.0765625 0.0953125
8 0.95 0.0546875 0.1 0.109375
8 0.62265625 0.0640625 0.103125 0.0625
8 0.5609375 0.153125 0.153125 0.1515625
8 0.44453125 0.040625 0.1203125 0.08125
8 0.38046875 0.7578125 0.15390625 0.1765625
8 0.43359375 0.5203125 0.1484375 0.2015625