8 0.48671875 0.23828125 0.09609375 0.1078125
8 0.76640625 0.2015625 0.11328125 0.10703125
8 0.915625 0.278125 0.08203125 0.09453125
8 0.5234375 0.6171875 0.078125 0.13046875
8 0.21640625 0.640625 0.12890625 0.11640625
8 0.0984375 0.56953125 0.078125 0.1
8 0.30078125 0.421875 0.13203125 0.078125
8 0.61796875 0.75390625 0.08203125 0.11171875
8 0.496875 0.8390625 0.10859375 0.11328125
8 0.95390625 0.459375 0.0921875 0.0921875
8 0.1234375 0.475 0.14609375 0.1078125
8 0.21796875 0.77421875 0.12890625 0.1375
8 0.91953125 0.55625 0.084375 0.146875
8 0.753125 0.08984375 0.08671875 0.09921875
8 0.9125 0.13828125 0.14453125 0.1
8 0.28203125 0.259375 0.1015625 0.0796875
8 0.61953125 0.315625 0.096875 0.1078125
8 0.6203125 0.21953125 0.0984375 0.10390625
8 0.8359375 0.4515625 0.121875 0.1109375
8 0.028125 0.76875 0.05625 0.11875
8 0.38046875 0.48671875 0.0875 0.134375
8 0.77265625 0.63671875 0.1140625 0.11171875
8 0.81796875 0.359375 0.075 0.09609375
8 0.7421875 0.4203125 0.0796875 0.0984375