8 0.5546875 0.4203125 0.2171875 0.25546875
8 0.275 0.48203125 0.25390625 0.28359375
8 0.80078125 0.4734375 0.2390625 0.3078125
8 0.72109375 0.78203125 0.16953125 0.31796875
8 0.403125 0.61328125 0.121875 0.265625
8 0.56484375 0.8796875 0.25 0.23984375
8 0.4921875 0.7046875 0.121875 0.15546875
8 0.596875 0.640625 0.1984375 0.2625
8 0.4078125 0.21953125 0.21640625 0.3078125
8 0.61796875 0.1640625 0.2015625 0.28671875
8 0.71875 0.2203125 0.20859375 0.29296875
8 0.125 0.19453125 0.21171875 0.296875
8 0.1 0.5640625 0.2 0.4046875
8 0.2375 0.303125 0.10546875 0.17890625
8 0.296875 0.82421875 0.27890625 0.3515625