8 0.11171875 0.29609375 0.21171875 0.3765625
8 0.603125 0.41484375 0.13359375 0.20703125
8 0.76875 0.39921875 0.15703125 0.1828125
8 0.9046875 0.3671875 0.09296875 0.24140625
8 0.53046875 0.9125 0.16796875 0.175
8 0.3171875 0.2203125 0.14921875 0.27578125
8 0.65546875 0.171875 0.1609375 0.25078125
8 0.90546875 0.1109375 0.15 0.221875
8 0.1328125 0.103125 0.178125 0.17109375
8 0.34453125 0.86640625 0.3234375 0.2671875
8 0.0515625 0.78359375 0.103125 0.2984375
8 0.2703125 0.509375 0.175 0.29609375
8 0.471875 0.38671875 0.178125 0.25078125
8 0.60390625 0.671875 0.15390625 0.30078125
8 0.8921875 0.859375 0.215625 0.26796875
8 0.77421875 0.590625 0.1953125 0.33828125