8 0.4234375 0.1375 0.16171875 0.1984375
8 0.17265625 0.54921875 0.2453125 0.29140625
8 0.61328125 0.7 0.1609375 0.2
8 0.06796875 0.0859375 0.1359375 0.17109375
8 0.2140625 0.121875 0.12421875 0.190625
8 0.86015625 0.05 0.13984375 0.1
8 0.71796875 0.5609375 0.1625 0.1375
8 0.51953125 0.19921875 0.1578125 0.19921875
8 0.20625 0.81875 0.20859375 0.2296875
8 0.046875 0.61484375 0.09375 0.2171875
8 0.0890625 0.28671875 0.1625 0.2421875
8 0.6390625 0.93671875 0.146875 0.1234375
8 0.790625 0.728125 0.14609375 0.22578125
8 0.940625 0.57421875 0.11640625 0.13359375
8 0.87578125 0.4046875 0.1546875 0.17421875
8 0.6390625 0.1484375 0.1515625 0.2
8 0.93515625 0.05703125 0.1296875 0.1140625
8 0.4765625 0.76796875 0.13828125 0.1828125